{"producer":{"name":"Blender","version":"2.79 (sub 0)","exporter_version":"5.6.3","file":"Animated_Human2a.babylon"},
"autoClear":true,"clearColor":[1,1,1],"ambientColor":[0,0,0],"gravity":[0,-9.81,0],
"materials":[{"name":"Animated_Human2a.Human_Mesh","id":"Animated_Human2a.Human_Mesh","ambient":[0,0,0],"diffuse":[0.8,0.8,0.8],"specular":[1,1,1],"emissive":[0,0,0],"specularPower":64,"alpha":1,"backFaceCulling":true,"checkReadyOnlyOnce":false,"maxSimultaneousLights":4, 
"diffuseTexture":{"name":"Animated_Human2a_Human_Mesh_DIFFUSE.jpg","level":1,"hasAlpha":0,"coordinatesMode":0,"uOffset":0,"vOffset":0,"uScale":1,"vScale":1,"uAng":0,"vAng":0,"wAng":0,"wrapU":0,"wrapV":0,"coordinatesIndex":0}}],
"multiMaterials":[],
"skeletons":[{"name":"Human Armature","id":0,"dimensionsAtRest":[0.8543,5.5986,6.0153],"bones":[
{"name":"Hips","index":0,"matrix":[0,0,1,0,0,1,0,0,1,0,0,0,0.0462,2.8336,0,1],"rest":[0,0,1,0,0,1,0,0,1,0,0,0,0.0462,2.8336,0,1],"parentBoneIndex":-1,"length":0.0706
,"animation":{"dataType":3,"framePerSecond":24,"keys":[
{"frame":0,"values":[0,0,1,0,0,1,0,0,1,0,0,0,0.0462,2.8336,0,1]},
{"frame":1,"values":[0,0,1,0,0,1,0,0,1,0,0,0,0.0462,2.8336,0,1]},
{"frame":10,"values":[0.9932,-0.0642,-0.0968,0,0.0504,0.9889,-0.1395,0,-0.1047,-0.1336,-0.9855,0,-0.0085,2.5021,-0.0512,1]},
{"frame":11,"values":[0.9964,-0.0391,-0.0752,0,0.0272,0.9879,-0.1526,0,-0.0803,-0.15,-0.9854,0,-0.0181,2.5795,-0.1313,1]},
{"frame":12,"values":[0.9978,-0.0326,-0.0573,0,0.0221,0.9841,-0.1762,0,-0.0622,-0.1745,-0.9827,0,-0.0336,2.6444,-0.1409,1]},
{"frame":13,"values":[0.9992,-0.0278,-0.0271,0,0.0233,0.9875,-0.1556,0,-0.0311,-0.1548,-0.9874,0,-0.0446,2.656,-0.1047,1]},
{"frame":14,"values":[0.9988,0.0065,0.0489,0,-0.0008,0.9932,-0.116,0,0.0493,-0.1158,-0.992,0,-0.0402,2.5737,-0.054,1]},
{"frame":15,"values":[0.9913,0.0633,0.1156,0,-0.0482,0.9905,-0.1287,0,0.1226,-0.122,-0.9849,0,-0.0277,2.4809,0.0073,1]},
{"frame":16,"values":[0.9844,0.1165,0.1317,0,-0.0928,0.9804,-0.1735,0,0.1493,-0.1586,-0.976,0,-0.0133,2.4308,0.1249,1]},
{"frame":17,"values":[0.9851,0.109,0.1329,0,-0.0801,0.9752,-0.2062,0,0.1521,-0.1925,-0.9694,0,-0.0104,2.4155,0.0892,1]},
{"frame":18,"values":[0.9876,0.0695,0.1407,0,-0.0379,0.9757,-0.2158,0,0.1523,-0.2078,-0.9663,0,0.0098,2.4556,-0.0938,1]},
{"frame":19,"values":[0.988,0.0553,0.144,0,-0.0227,0.9755,-0.2187,0,0.1526,-0.2128,-0.9651,0,0.0295,2.5705,-0.1608,1]},
{"frame":20,"values":[0.989,0.0527,0.1381,0,-0.0226,0.9773,-0.2108,0,0.146,-0.2054,-0.9677,0,0.0318,2.6544,-0.1569,1]},
{"frame":21,"values":[0.9909,0.0448,0.1268,0,-0.0211,0.983,-0.1824,0,0.1328,-0.1781,-0.975,0,0.0334,2.6772,-0.1306,1]},
{"frame":22,"values":[0.996,0.0377,0.0811,0,-0.0243,0.9868,-0.1601,0,0.0861,-0.1575,-0.9838,0,0.0343,2.6096,-0.0695,1]},
{"frame":23,"values":[0.9999,0.0011,-0.0134,0,-0.0033,0.9866,-0.1634,0,-0.013,-0.1634,-0.9865,0,0.013,2.5181,-0.0326,1]},
{"frame":24,"values":[0.9951,-0.0515,-0.0845,0,0.0379,0.9871,-0.1558,0,-0.0914,-0.1518,-0.9842,0,-0.0033,2.4874,0.0071,1]},
{"frame":25,"values":[0.9931,-0.0651,-0.0974,0,0.0509,0.9886,-0.1418,0,-0.1055,-0.1359,-0.9851,0,-0.0073,2.4972,-0.0314,1]},
{"frame":30,"values":[0.9964,-0.0247,0.0808,0,0.0176,0.996,0.0874,0,0.0826,0.0857,-0.9929,0,-0.0246,2.7488,-0.1347,1]},
{"frame":31,"values":[0.9965,-0.0277,0.0792,0,0.0214,0.9967,0.0786,0,0.0811,0.0766,-0.9938,0,-0.0263,2.7372,-0.1601,1]},
{"frame":32,"values":[0.9959,-0.0311,0.0844,0,0.0241,0.9962,0.0835,0,0.0867,0.0811,-0.9929,0,-0.0304,2.7252,-0.1955,1]},
{"frame":33,"values":[0.995,-0.0353,0.0935,0,0.0254,0.9942,0.1049,0,0.0967,0.102,-0.9901,0,-0.036,2.7139,-0.2362,1]},
{"frame":34,"values":[0.9945,-0.0409,0.0965,0,0.0275,0.9903,0.136,0,0.1012,0.1326,-0.986,0,-0.0428,2.6945,-0.2796,1]},
{"frame":35,"values":[0.9947,-0.0514,0.0893,0,0.0361,0.9856,0.1654,0,0.0966,0.1613,-0.9822,0,-0.0503,2.6611,-0.3255,1]},
{"frame":36,"values":[0.995,-0.0625,0.0775,0,0.0466,0.9801,0.1928,0,0.088,0.1882,-0.9782,0,-0.0574,2.631,-0.3749,1]},
{"frame":37,"values":[0.9955,-0.066,0.0683,0,0.0494,0.974,0.2212,0,0.0811,0.2169,-0.9728,0,-0.0638,2.6148,-0.4253,1]},
{"frame":38,"values":[0.9959,-0.063,0.0646,0,0.0454,0.9683,0.2455,0,0.078,0.2415,-0.9672,0,-0.0685,2.6081,-0.4718,1]},
{"frame":39,"values":[0.9961,-0.0594,0.065,0,0.0405,0.9644,0.2612,0,0.0782,0.2576,-0.9631,0,-0.0697,2.602,-0.5121,1]},
{"frame":40,"values":[0.996,-0.0572,0.0682,0,0.0364,0.9609,0.2745,0,0.0813,0.271,-0.9592,0,-0.068,2.5916,-0.5487,1]},
{"frame":41,"values":[0.9958,-0.0563,0.0726,0,0.0332,0.9571,0.2879,0,0.0857,0.2843,-0.9549,0,-0.0645,2.5768,-0.5833,1]},
{"frame":42,"values":[0.9953,-0.0572,0.0776,0,0.0316,0.954,0.298,0,0.091,0.2942,-0.9514,0,-0.0606,2.5597,-0.6164,1]},
{"frame":43,"values":[0.9948,-0.0597,0.0822,0,0.032,0.9521,0.304,0,0.0964,0.2998,-0.9491,0,-0.0567,2.5426,-0.6492,1]},
{"frame":44,"values":[0.9943,-0.0623,0.0859,0,0.0328,0.9504,0.3092,0,0.101,0.3047,-0.9471,0,-0.0523,2.5255,-0.683,1]},
{"frame":45,"values":[0.9939,-0.0637,0.0901,0,0.0323,0.9488,0.3142,0,0.1055,0.3094,-0.9451,0,-0.0469,2.5071,-0.7191,1]},
{"frame":46,"values":[0.9935,-0.064,0.094,0,0.0309,0.9474,0.3184,0,0.1094,0.3134,-0.9433,0,-0.0411,2.4872,-0.758,1]},
{"frame":47,"values":[0.9931,-0.0637,0.0981,0,0.0288,0.9461,0.3227,0,0.1134,0.3177,-0.9414,0,-0.034,2.4657,-0.7997,1]},
{"frame":48,"values":[0.9925,-0.0634,0.1042,0,0.0256,0.9434,0.3306,0,0.1193,0.3255,-0.938,0,-0.0256,2.4407,-0.8434,1]},
{"frame":49,"values":[0.9918,-0.0637,0.1105,0,0.0223,0.9397,0.3414,0,0.1256,0.3361,-0.9334,0,-0.0161,2.4101,-0.889,1]},
{"frame":50,"values":[0.9913,-0.0648,0.1142,0,0.0205,0.9355,0.3528,0,0.1297,0.3474,-0.9287,0,-0.0061,2.372,-0.9369,1]},
{"frame":51,"values":[0.9911,-0.0668,0.1152,0,0.02,0.9298,0.3676,0,0.1317,0.362,-0.9228,0,0.0028,2.3224,-0.9879,1]},
{"frame":52,"values":[0.9907,-0.0689,0.1178,0,0.0183,0.9226,0.3853,0,0.1352,0.3796,-0.9152,0,0.0103,2.2569,-1.0401,1]},
{"frame":53,"values":[0.9898,-0.0716,0.1233,0,0.0155,0.9137,0.4062,0,0.1417,0.4001,-0.9055,0,0.0156,2.1706,-1.0932,1]},
{"frame":54,"values":[0.9879,-0.0781,0.1339,0,0.013,0.9025,0.4304,0,0.1545,0.4235,-0.8926,0,0.0156,2.0613,-1.1518,1]},
{"frame":55,"values":[0.9832,-0.095,0.1561,0,0.0148,0.8929,0.4501,0,0.1821,0.4402,-0.8792,0,0.0055,1.9238,-1.2221,1]},
{"frame":56,"values":[0.9739,-0.1194,0.193,0,0.0155,0.8834,0.4683,0,0.2264,0.4531,-0.8622,0,-0.0155,1.7644,-1.3043,1]},
{"frame":57,"values":[0.9581,-0.1468,0.2461,0,0.0072,0.8709,0.4914,0,0.2865,0.4691,-0.8354,0,-0.047,1.5864,-1.402,1]},
{"frame":58,"values":[0.9361,-0.175,0.3051,0,-0.0074,0.8575,0.5145,0,0.3516,0.4838,-0.8014,0,-0.0866,1.3892,-1.5175,1]},
{"frame":59,"values":[0.9196,-0.194,0.3416,0,-0.0206,0.8446,0.535,0,0.3923,0.4991,-0.7727,0,-0.1283,1.1737,-1.6494,1]},
{"frame":60,"values":[0.9185,-0.1991,0.3417,0,-0.0248,0.8333,0.5523,0,0.3947,0.5158,-0.7604,0,-0.1625,0.9418,-1.7791,1]},
{"frame":61,"values":[0.9307,-0.185,0.3156,0,-0.0233,0.831,0.5558,0,0.3651,0.5246,-0.7691,0,-0.1923,0.7025,-1.8979,1]},
{"frame":62,"values":[0.9431,-0.1522,0.2957,0,-0.0292,0.8479,0.5294,0,0.3313,0.5079,-0.7952,0,-0.2213,0.4699,-1.9969,1]},
{"frame":63,"values":[0.9531,-0.1116,0.2814,0,-0.0304,0.8897,0.4555,0,0.3012,0.4427,-0.8446,0,-0.2397,0.2734,-2.0528,1]},
{"frame":64,"values":[0.9606,-0.0907,0.2629,0,-0.0067,0.9375,0.3478,0,0.278,0.3359,-0.9,0,-0.2533,0.1331,-2.0777,1]},
{"frame":65,"values":[0.9625,-0.0821,0.2586,0,0.0221,0.9737,0.2269,0,0.2704,0.2127,-0.9389,0,-0.2613,0.0697,-2.0983,1]},
{"frame":66,"values":[0.9637,-0.0693,0.2578,0,0.0365,0.9909,0.1298,0,0.2645,0.1157,-0.9574,0,-0.2533,0.067,-2.1351,1]},
{"frame":67,"values":[0.9654,-0.0525,0.2553,0,0.0366,0.9971,0.0666,0,0.2581,0.055,-0.9646,0,-0.2241,0.1025,-2.2082,1]},
{"frame":68,"values":[0.9685,-0.0407,0.2458,0,0.039,0.9992,0.0118,0,0.2461,0.0018,-0.9692,0,-0.1864,0.1527,-2.3122,1]},
{"frame":69,"values":[0.9714,-0.0382,0.2344,0,0.049,0.998,-0.0403,0,0.2324,-0.0506,-0.9713,0,-0.1452,0.2051,-2.4384,1]},
{"frame":70,"values":[0.9728,-0.039,0.2284,0,0.0608,0.9941,-0.0893,0,0.2236,-0.1008,-0.9695,0,-0.0998,0.2526,-2.579,1]},
{"frame":71,"values":[0.974,-0.0382,0.2233,0,0.0692,0.9887,-0.1329,0,0.2157,-0.1449,-0.9656,0,-0.0533,0.2875,-2.7291,1]},
{"frame":72,"values":[0.9755,-0.0351,0.2172,0,0.0741,0.982,-0.174,0,0.2071,-0.1858,-0.9605,0,-0.0086,0.3051,-2.8834,1]},
{"frame":73,"values":[0.9761,-0.0305,0.2151,0,0.0778,0.9736,-0.2148,0,0.2028,-0.2264,-0.9527,0,0.0342,0.3015,-3.0388,1]},
{"frame":74,"values":[0.9754,-0.0253,0.2191,0,0.0827,0.9629,-0.2567,0,0.2045,-0.2685,-0.9413,0,0.0752,0.2749,-3.191,1]},
{"frame":75,"values":[0.9732,-0.0209,0.2292,0,0.0928,0.947,-0.3077,0,0.2106,-0.3207,-0.9235,0,0.1153,0.2244,-3.3352,1]},
{"frame":76,"values":[0.9688,-0.0145,0.2476,0,0.1087,0.922,-0.3716,0,0.2229,-0.387,-0.8948,0,0.1558,0.1573,-3.473,1]},
{"frame":77,"values":[0.9623,-0.0043,0.2718,0,0.1286,0.8881,-0.4412,0,0.2395,-0.4596,-0.8552,0,0.1958,0.0765,-3.6033,1]},
{"frame":78,"values":[0.9559,0.0078,0.2937,0,0.1505,0.8454,-0.5124,0,0.2523,-0.534,-0.8069,0,0.2334,-0.0154,-3.7237,1]},
{"frame":79,"values":[0.9508,0.0257,0.3086,0,0.1719,0.7852,-0.5949,0,0.2576,-0.6187,-0.7422,0,0.2662,-0.1184,-3.8294,1]},
{"frame":80,"values":[0.9458,0.047,0.3214,0,0.1948,0.7096,-0.6771,0,0.2599,-0.703,-0.662,0,0.294,-0.2274,-3.9286,1]},
{"frame":81,"values":[0.9409,0.0695,0.3315,0,0.2161,0.6304,-0.7456,0,0.2607,-0.7732,-0.5781,0,0.3152,-0.3401,-4.0394,1]},
{"frame":82,"values":[0.9393,0.0917,0.3307,0,0.2306,0.5453,-0.8059,0,0.2542,-0.8332,-0.491,0,0.3307,-0.4572,-4.1815,1]},
{"frame":83,"values":[0.9421,0.1077,0.3174,0,0.2436,0.4303,-0.8692,0,0.2302,-0.8962,-0.3792,0,0.3439,-0.5855,-4.3541,1]},
{"frame":84,"values":[0.9484,0.1145,0.2957,0,0.249,0.3085,-0.918,0,0.1964,-0.9443,-0.2641,0,0.3571,-0.6987,-4.51,1]},
{"frame":85,"values":[0.9557,0.1201,0.2685,0,0.2319,0.254,-0.939,0,0.181,-0.9597,-0.2149,0,0.3704,-0.733,-4.6279,1]},
{"frame":86,"values":[0.9579,0.1341,0.2538,0,0.2125,0.2635,-0.941,0,0.1931,-0.9553,-0.2239,0,0.3861,-0.6811,-4.7222,1]},
{"frame":87,"values":[0.9568,0.1551,0.2459,0,0.2077,0.2274,-0.9514,0,0.2034,-0.9614,-0.1854,0,0.3987,-0.6327,-4.7979,1]},
{"frame":88,"values":[0.9566,0.1777,0.2307,0,0.2043,0.1553,-0.9665,0,0.2076,-0.9717,-0.1123,0,0.402,-0.6301,-4.8563,1]},
{"frame":89,"values":[0.9559,0.197,0.2181,0,0.203,0.094,-0.9747,0,0.2125,-0.9759,-0.0499,0,0.3974,-0.6476,-4.8998,1]},
{"frame":90,"values":[0.9537,0.2088,0.2165,0,0.206,0.0708,-0.976,0,0.2191,-0.9754,-0.0245,0,0.3895,-0.6615,-4.9337,1]},
{"frame":91,"values":[0.9528,0.2064,0.2227,0,0.2121,0.0725,-0.9746,0,0.2173,-0.9758,-0.0253,0,0.3862,-0.6747,-4.9555,1]},
{"frame":92,"values":[0.9536,0.1947,0.2297,0,0.2193,0.0737,-0.9729,0,0.2063,-0.9781,-0.0276,0,0.3844,-0.6904,-4.9664,1]},
{"frame":93,"values":[0.9523,0.1837,0.2438,0,0.2305,0.091,-0.9688,0,0.2002,-0.9788,-0.0443,0,0.3831,-0.7057,-4.9664,1]},
{"frame":94,"values":[0.9488,0.1762,0.2623,0,0.2425,0.1265,-0.9619,0,0.2027,-0.9762,-0.0773,0,0.3799,-0.7194,-4.9677,1]},
{"frame":95,"values":[0.946,0.1745,0.2731,0,0.2467,0.1586,-0.956,0,0.2101,-0.9718,-0.107,0,0.3687,-0.7256,-4.9659,1]},
{"frame":96,"values":[0.9438,0.1775,0.2789,0,0.2477,0.179,-0.9522,0,0.2189,-0.9677,-0.1249,0,0.359,-0.7275,-4.9461,1]},
{"frame":97,"values":[0.9434,0.1802,0.2786,0,0.2446,0.1894,-0.9509,0,0.2241,-0.9652,-0.1346,0,0.3507,-0.7285,-4.9212,1]},
{"frame":98,"values":[0.9448,0.1801,0.2739,0,0.2389,0.1937,-0.9515,0,0.2244,-0.9644,-0.14,0,0.3416,-0.7305,-4.9012,1]},
{"frame":99,"values":[0.9461,0.1817,0.2681,0,0.2327,0.1943,-0.9529,0,0.2252,-0.964,-0.1416,0,0.3317,-0.736,-4.8911,1]},
{"frame":100,"values":[0.9458,0.1873,0.2652,0,0.229,0.1942,-0.9538,0,0.2302,-0.9629,-0.1408,0,0.3224,-0.7434,-4.8877,1]},
{"frame":101,"values":[0.9448,0.1931,0.2648,0,0.2284,0.1916,-0.9545,0,0.235,-0.9623,-0.1369,0,0.3149,-0.752,-4.8869,1]},
{"frame":102,"values":[0.945,0.1942,0.263,0,0.2282,0.1844,-0.956,0,0.2342,-0.9635,-0.1299,0,0.3093,-0.7622,-4.8846,1]},
{"frame":103,"values":[0.9471,0.1915,0.2574,0,0.2252,0.1742,-0.9586,0,0.2284,-0.9659,-0.1219,0,0.3079,-0.7751,-4.881,1]},
{"frame":104,"values":[0.9498,0.189,0.2494,0,0.2196,0.1649,-0.9615,0,0.2229,-0.968,-0.1152,0,0.3151,-0.7909,-4.8795,1]},
{"frame":105,"values":[0.9524,0.1849,0.2426,0,0.2148,0.1582,-0.9638,0,0.2166,-0.9699,-0.1109,0,0.3287,-0.8066,-4.8803,1]},
{"frame":106,"values":[0.9548,0.1794,0.2371,0,0.2107,0.1544,-0.9653,0,0.2098,-0.9716,-0.1096,0,0.34,-0.8199,-4.8814,1]},
{"frame":107,"values":[0.9563,0.1758,0.2338,0,0.2071,0.1575,-0.9656,0,0.2065,-0.9718,-0.1142,0,0.3415,-0.8294,-4.8804,1]},
{"frame":108,"values":[0.9564,0.1749,0.2338,0,0.205,0.1679,-0.9642,0,0.208,-0.9701,-0.1248,0,0.3362,-0.8364,-4.8778,1]},
{"frame":109,"values":[0.9554,0.1793,0.2347,0,0.2016,0.1849,-0.9619,0,0.2158,-0.9663,-0.1405,0,0.3277,-0.8406,-4.8763,1]},
{"frame":110,"values":[0.9538,0.1872,0.2348,0,0.1957,0.2053,-0.9589,0,0.2277,-0.9606,-0.1592,0,0.3174,-0.8396,-4.8785,1]},
{"frame":111,"values":[0.9544,0.1901,0.23,0,0.1874,0.2178,-0.9578,0,0.2322,-0.9573,-0.1723,0,0.3048,-0.8355,-4.8815,1]},
{"frame":112,"values":[0.9561,0.1883,0.2244,0,0.1814,0.221,-0.9583,0,0.23,-0.9569,-0.1771,0,0.2988,-0.8336,-4.8799,1]},
{"frame":113,"values":[0.9566,0.1862,0.224,0,0.1814,0.2208,-0.9583,0,0.2279,-0.9574,-0.1774,0,0.301,-0.8333,-4.8741,1]},
{"frame":114,"values":[0.9565,0.1851,0.2254,0,0.1832,0.22,-0.9581,0,0.2269,-0.9578,-0.1766,0,0.3042,-0.8329,-4.871,1]},
{"frame":120,"values":[0.7287,0.0013,-0.6848,0,0.0521,0.997,0.0574,0,-0.6828,0.0775,-0.7264,0,-0.0721,2.544,-0.0257,1]},
{"frame":121,"values":[0.7283,0.0013,-0.6852,0,0.0524,0.997,0.0577,0,-0.6832,0.078,-0.7261,0,-0.0715,2.5445,-0.0251,1]},
{"frame":122,"values":[0.7282,0.0012,-0.6854,0,0.0529,0.9969,0.0579,0,-0.6833,0.0784,-0.7259,0,-0.0708,2.5451,-0.0249,1]},
{"frame":123,"values":[0.7284,0.0009,-0.6852,0,0.0534,0.9969,0.0581,0,-0.6831,0.0789,-0.7261,0,-0.0701,2.5458,-0.0253,1]},
{"frame":124,"values":[0.729,0.0007,-0.6846,0,0.054,0.9968,0.0584,0,-0.6824,0.0796,-0.7266,0,-0.0696,2.5466,-0.0263,1]},
{"frame":125,"values":[0.7296,0.0005,-0.6838,0,0.0546,0.9968,0.0591,0,-0.6817,0.0804,-0.7272,0,-0.0693,2.5476,-0.028,1]},
{"frame":126,"values":[0.7301,0.0005,-0.6833,0,0.0552,0.9967,0.0597,0,-0.6811,0.0813,-0.7277,0,-0.0692,2.5488,-0.03,1]},
{"frame":127,"values":[0.7303,0.0005,-0.6832,0,0.0556,0.9966,0.0602,0,-0.6809,0.0819,-0.7278,0,-0.069,2.5504,-0.0324,1]},
{"frame":128,"values":[0.7301,0.0005,-0.6833,0,0.0559,0.9966,0.0604,0,-0.681,0.0823,-0.7276,0,-0.0686,2.552,-0.0351,1]},
{"frame":129,"values":[0.7298,0.0004,-0.6836,0,0.0563,0.9966,0.0608,0,-0.6813,0.0828,-0.7273,0,-0.0678,2.5531,-0.0377,1]},
{"frame":130,"values":[0.7298,0.0005,-0.6836,0,0.0569,0.9965,0.0615,0,-0.6813,0.0837,-0.7272,0,-0.0668,2.5538,-0.0402,1]},
{"frame":131,"values":[0.7303,0.0005,-0.6831,0,0.0575,0.9964,0.0623,0,-0.6807,0.0848,-0.7277,0,-0.0659,2.5546,-0.0426,1]},
{"frame":132,"values":[0.731,0.0004,-0.6823,0,0.0582,0.9963,0.063,0,-0.6798,0.0858,-0.7283,0,-0.0655,2.5558,-0.0449,1]},
{"frame":133,"values":[0.7311,0,-0.6822,0,0.0588,0.9963,0.063,0,-0.6797,0.0862,-0.7284,0,-0.0652,2.5577,-0.0469,1]},
{"frame":134,"values":[0.7306,-0.0004,-0.6828,0,0.0592,0.9963,0.0628,0,-0.6802,0.0863,-0.7279,0,-0.0649,2.5595,-0.0487,1]},
{"frame":135,"values":[0.73,-0.0006,-0.6834,0,0.0595,0.9963,0.0626,0,-0.6808,0.0864,-0.7273,0,-0.0645,2.561,-0.0504,1]},
{"frame":136,"values":[0.7298,-0.0008,-0.6836,0,0.0598,0.9962,0.0627,0,-0.681,0.0866,-0.7271,0,-0.0641,2.562,-0.0523,1]},
{"frame":137,"values":[0.73,-0.0009,-0.6834,0,0.0601,0.9962,0.0629,0,-0.6808,0.087,-0.7273,0,-0.0638,2.5627,-0.0545,1]},
{"frame":138,"values":[0.7303,-0.0008,-0.6831,0,0.0602,0.9962,0.0631,0,-0.6804,0.0872,-0.7276,0,-0.0637,2.5635,-0.0569,1]},
{"frame":139,"values":[0.7305,-0.0008,-0.6829,0,0.0602,0.9962,0.0633,0,-0.6803,0.0874,-0.7277,0,-0.0636,2.5643,-0.0591,1]},
{"frame":140,"values":[0.7303,-0.0007,-0.6831,0,0.0602,0.9962,0.0634,0,-0.6804,0.0874,-0.7276,0,-0.0634,2.5648,-0.0607,1]},
{"frame":141,"values":[0.73,-0.0007,-0.6835,0,0.0601,0.9962,0.0632,0,-0.6808,0.0872,-0.7272,0,-0.0633,2.5652,-0.0616,1]},
{"frame":142,"values":[0.7296,-0.0008,-0.6839,0,0.06,0.9962,0.0629,0,-0.6812,0.0869,-0.7269,0,-0.0632,2.5654,-0.0617,1]},
{"frame":143,"values":[0.7294,-0.0009,-0.6841,0,0.0599,0.9962,0.0626,0,-0.6815,0.0866,-0.7267,0,-0.0632,2.5653,-0.0614,1]},
{"frame":144,"values":[0.7292,-0.001,-0.6843,0,0.0598,0.9963,0.0623,0,-0.6817,0.0864,-0.7265,0,-0.063,2.5647,-0.0605,1]},
{"frame":145,"values":[0.7292,-0.0009,-0.6843,0,0.0598,0.9963,0.0624,0,-0.6817,0.0864,-0.7265,0,-0.0628,2.5634,-0.0591,1]},
{"frame":146,"values":[0.7295,-0.0009,-0.684,0,0.0599,0.9962,0.0625,0,-0.6814,0.0866,-0.7268,0,-0.0625,2.562,-0.0574,1]},
{"frame":147,"values":[0.7298,-0.001,-0.6837,0,0.06,0.9962,0.0626,0,-0.6811,0.0867,-0.7271,0,-0.0624,2.5612,-0.0555,1]},
{"frame":148,"values":[0.7298,-0.001,-0.6837,0,0.0598,0.9963,0.0624,0,-0.6811,0.0864,-0.7271,0,-0.0625,2.561,-0.0535,1]},
{"frame":149,"values":[0.7293,-0.0009,-0.6842,0,0.0594,0.9963,0.062,0,-0.6816,0.0858,-0.7266,0,-0.0624,2.5608,-0.0513,1]},
{"frame":150,"values":[0.7288,-0.0007,-0.6847,0,0.059,0.9963,0.0617,0,-0.6822,0.0854,-0.7262,0,-0.0622,2.5598,-0.0489,1]},
{"frame":151,"values":[0.7287,-0.0006,-0.6848,0,0.0588,0.9964,0.0618,0,-0.6823,0.0853,-0.7261,0,-0.062,2.5581,-0.0467,1]},
{"frame":152,"values":[0.729,-0.0004,-0.6846,0,0.0587,0.9964,0.0619,0,-0.682,0.0853,-0.7263,0,-0.062,2.5563,-0.0447,1]},
{"frame":153,"values":[0.729,-0.0002,-0.6845,0,0.0584,0.9964,0.0619,0,-0.682,0.0851,-0.7263,0,-0.0622,2.5552,-0.043,1]},
{"frame":154,"values":[0.7285,0.0001,-0.685,0,0.0579,0.9964,0.0618,0,-0.6825,0.0847,-0.7259,0,-0.0624,2.5545,-0.0412,1]},
{"frame":155,"values":[0.7279,0.0003,-0.6857,0,0.0575,0.9964,0.0616,0,-0.6833,0.0843,-0.7253,0,-0.0626,2.5538,-0.039,1]},
{"frame":156,"values":[0.7273,0.0005,-0.6863,0,0.0572,0.9965,0.0614,0,-0.6839,0.0839,-0.7247,0,-0.0627,2.5527,-0.0364,1]},
{"frame":157,"values":[0.7272,0.0006,-0.6865,0,0.0569,0.9965,0.0612,0,-0.6841,0.0835,-0.7246,0,-0.0627,2.5513,-0.0336,1]},
{"frame":158,"values":[0.7273,0.0007,-0.6864,0,0.0566,0.9965,0.061,0,-0.684,0.0832,-0.7247,0,-0.0627,2.5501,-0.0308,1]},
{"frame":159,"values":[0.7275,0.0008,-0.6861,0,0.0562,0.9966,0.0608,0,-0.6838,0.0828,-0.7249,0,-0.0626,2.5491,-0.0284,1]},
{"frame":160,"values":[0.7276,0.0011,-0.6861,0,0.0557,0.9966,0.0606,0,-0.6838,0.0823,-0.725,0,-0.0624,2.5484,-0.0265,1]},
{"frame":161,"values":[0.7273,0.0013,-0.6863,0,0.0553,0.9966,0.0604,0,-0.6841,0.0819,-0.7248,0,-0.062,2.5475,-0.0251,1]},
{"frame":162,"values":[0.7269,0.0014,-0.6867,0,0.055,0.9967,0.0602,0,-0.6845,0.0816,-0.7244,0,-0.0616,2.5466,-0.0242,1]},
{"frame":163,"values":[0.7265,0.0014,-0.6871,0,0.0549,0.9967,0.0601,0,-0.6849,0.0814,-0.7241,0,-0.0614,2.5459,-0.0235,1]},
{"frame":164,"values":[0.7264,0.0014,-0.6873,0,0.0548,0.9967,0.0599,0,-0.6851,0.0811,-0.7239,0,-0.0612,2.5453,-0.0229,1]},
{"frame":165,"values":[0.7265,0.0014,-0.6872,0,0.0545,0.9967,0.0596,0,-0.685,0.0808,-0.724,0,-0.0612,2.545,-0.0223,1]},
{"frame":166,"values":[0.7266,0.0014,-0.6871,0,0.0542,0.9968,0.0593,0,-0.6849,0.0803,-0.7242,0,-0.0611,2.5448,-0.0216,1]},
{"frame":167,"values":[0.7265,0.0015,-0.6871,0,0.0538,0.9968,0.0591,0,-0.685,0.0799,-0.7241,0,-0.061,2.5446,-0.0211,1]},
{"frame":168,"values":[0.7263,0.0016,-0.6874,0,0.0535,0.9968,0.0589,0,-0.6853,0.0795,-0.7239,0,-0.0608,2.5444,-0.0208,1]},
{"frame":169,"values":[0.7261,0.0017,-0.6876,0,0.0534,0.9968,0.0588,0,-0.6855,0.0794,-0.7237,0,-0.0607,2.5444,-0.0213,1]},
{"frame":170,"values":[0.726,0.0016,-0.6877,0,0.0535,0.9968,0.0587,0,-0.6856,0.0794,-0.7236,0,-0.0607,2.5448,-0.0224,1]},
{"frame":171,"values":[0.7258,0.0014,-0.6879,0,0.0537,0.9968,0.0586,0,-0.6858,0.0795,-0.7235,0,-0.0608,2.5455,-0.0241,1]},
{"frame":172,"values":[0.7255,0.0012,-0.6882,0,0.0539,0.9968,0.0586,0,-0.6861,0.0796,-0.7231,0,-0.0609,2.5465,-0.0261,1]},
{"frame":173,"values":[0.725,0.0011,-0.6887,0,0.0542,0.9968,0.0587,0,-0.6866,0.0799,-0.7226,0,-0.0611,2.5475,-0.0284,1]},
{"frame":174,"values":[0.7246,0.0011,-0.6891,0,0.0546,0.9968,0.059,0,-0.687,0.0804,-0.7222,0,-0.0614,2.5485,-0.0307,1]},
{"frame":175,"values":[0.7245,0.001,-0.6893,0,0.0551,0.9967,0.0594,0,-0.6871,0.081,-0.722,0,-0.0618,2.5496,-0.0332,1]},
{"frame":176,"values":[0.7245,0.0009,-0.6893,0,0.0556,0.9967,0.0597,0,-0.687,0.0816,-0.722,0,-0.0624,2.5508,-0.0356,1]},
{"frame":177,"values":[0.7246,0.0008,-0.6892,0,0.0559,0.9966,0.06,0,-0.6869,0.082,-0.7221,0,-0.063,2.5524,-0.038,1]},
{"frame":178,"values":[0.7246,0.0008,-0.6892,0,0.0562,0.9966,0.0602,0,-0.6869,0.0823,-0.7221,0,-0.0636,2.554,-0.0405,1]},
{"frame":179,"values":[0.7246,0.0009,-0.6892,0,0.0564,0.9966,0.0605,0,-0.6869,0.0827,-0.722,0,-0.0641,2.5555,-0.043,1]},
{"frame":180,"values":[0.7247,0.001,-0.6891,0,0.0566,0.9965,0.061,0,-0.6868,0.0833,-0.7221,0,-0.0646,2.5569,-0.0455,1]},
{"frame":181,"values":[0.725,0.0011,-0.6888,0,0.0571,0.9965,0.0617,0,-0.6864,0.0841,-0.7223,0,-0.0652,2.5581,-0.0478,1]},
{"frame":182,"values":[0.7252,0.0009,-0.6885,0,0.0578,0.9964,0.0622,0,-0.6861,0.0849,-0.7226,0,-0.0658,2.5594,-0.0501,1]},
{"frame":183,"values":[0.7254,0.0008,-0.6884,0,0.0584,0.9963,0.0627,0,-0.6859,0.0857,-0.7226,0,-0.0664,2.5609,-0.0521,1]},
{"frame":184,"values":[0.7254,0.0008,-0.6883,0,0.0588,0.9963,0.0631,0,-0.6858,0.0862,-0.7226,0,-0.067,2.5624,-0.0538,1]},
{"frame":185,"values":[0.7256,0.0009,-0.6881,0,0.0589,0.9962,0.0634,0,-0.6855,0.0865,-0.7229,0,-0.0674,2.5636,-0.0551,1]},
{"frame":186,"values":[0.7261,0.0009,-0.6876,0,0.059,0.9962,0.0637,0,-0.685,0.0868,-0.7233,0,-0.0677,2.5644,-0.0562,1]},
{"frame":187,"values":[0.7265,0.001,-0.6871,0,0.0592,0.9962,0.064,0,-0.6846,0.0872,-0.7237,0,-0.0679,2.5648,-0.0569,1]},
{"frame":188,"values":[0.7266,0.0009,-0.687,0,0.0594,0.9962,0.0642,0,-0.6845,0.0875,-0.7238,0,-0.068,2.5651,-0.0575,1]},
{"frame":189,"values":[0.7263,0.0007,-0.6874,0,0.0596,0.9962,0.064,0,-0.6848,0.0875,-0.7235,0,-0.0681,2.5654,-0.058,1]},
{"frame":190,"values":[0.7259,0.0007,-0.6879,0,0.0595,0.9962,0.0637,0,-0.6853,0.0872,-0.723,0,-0.0684,2.5658,-0.0583,1]},
{"frame":191,"values":[0.7255,0.0007,-0.6883,0,0.0592,0.9962,0.0634,0,-0.6857,0.0868,-0.7227,0,-0.0686,2.5659,-0.0585,1]},
{"frame":192,"values":[0.7253,0.0008,-0.6884,0,0.0589,0.9963,0.0632,0,-0.6859,0.0863,-0.7226,0,-0.0686,2.5655,-0.0584,1]},
{"frame":193,"values":[0.7256,0.0007,-0.6881,0,0.0587,0.9963,0.0629,0,-0.6856,0.086,-0.7229,0,-0.0686,2.5648,-0.0578,1]},
{"frame":194,"values":[0.7259,0.0004,-0.6878,0,0.0586,0.9963,0.0624,0,-0.6853,0.0856,-0.7232,0,-0.0686,2.5641,-0.0568,1]},
{"frame":195,"values":[0.7259,0.0001,-0.6878,0,0.0585,0.9964,0.0618,0,-0.6853,0.0851,-0.7233,0,-0.0685,2.5635,-0.0554,1]},
{"frame":196,"values":[0.7257,-0.0002,-0.688,0,0.0582,0.9964,0.061,0,-0.6856,0.0843,-0.7231,0,-0.0683,2.5629,-0.0539,1]},
{"frame":197,"values":[0.7253,-0.0004,-0.6884,0,0.0579,0.9965,0.0603,0,-0.686,0.0836,-0.7228,0,-0.068,2.5622,-0.0521,1]},
{"frame":198,"values":[0.7251,-0.0006,-0.6886,0,0.0575,0.9966,0.0597,0,-0.6862,0.0829,-0.7227,0,-0.0676,2.5612,-0.0503,1]},
{"frame":199,"values":[0.7252,-0.0008,-0.6885,0,0.0573,0.9966,0.0592,0,-0.6862,0.0824,-0.7228,0,-0.067,2.5601,-0.0485,1]},
{"frame":200,"values":[0.7255,-0.0009,-0.6882,0,0.057,0.9966,0.0588,0,-0.6859,0.0819,-0.7231,0,-0.0665,2.5588,-0.0468,1]},
{"frame":201,"values":[0.7258,-0.0011,-0.6879,0,0.0567,0.9967,0.0583,0,-0.6856,0.0813,-0.7235,0,-0.0659,2.5576,-0.045,1]},
{"frame":202,"values":[0.7259,-0.0011,-0.6878,0,0.0563,0.9967,0.0579,0,-0.6855,0.0808,-0.7236,0,-0.0655,2.5564,-0.0431,1]},
{"frame":203,"values":[0.7259,-0.001,-0.6878,0,0.056,0.9968,0.0576,0,-0.6856,0.0803,-0.7236,0,-0.0651,2.5551,-0.0411,1]},
{"frame":204,"values":[0.7257,-0.0008,-0.688,0,0.0556,0.9968,0.0574,0,-0.6857,0.0799,-0.7235,0,-0.0647,2.5537,-0.039,1]},
{"frame":205,"values":[0.7257,-0.0007,-0.6881,0,0.0552,0.9968,0.0573,0,-0.6858,0.0796,-0.7234,0,-0.0645,2.5524,-0.0368,1]},
{"frame":206,"values":[0.7256,-0.0006,-0.6881,0,0.055,0.9969,0.0571,0,-0.6859,0.0793,-0.7233,0,-0.0643,2.5512,-0.0345,1]},
{"frame":207,"values":[0.7255,-0.0005,-0.6882,0,0.0547,0.9969,0.057,0,-0.6861,0.0791,-0.7232,0,-0.0642,2.5501,-0.0321,1]},
{"frame":208,"values":[0.7254,-0.0004,-0.6883,0,0.0546,0.9969,0.057,0,-0.6861,0.0789,-0.7232,0,-0.0641,2.5491,-0.0298,1]},
{"frame":209,"values":[0.7254,-0.0002,-0.6883,0,0.0544,0.9969,0.057,0,-0.6862,0.0788,-0.7232,0,-0.064,2.5482,-0.0276,1]},
{"frame":210,"values":[0.7255,0,-0.6882,0,0.0543,0.9969,0.0571,0,-0.6861,0.0788,-0.7232,0,-0.0638,2.5474,-0.0256,1]},
{"frame":211,"values":[0.7256,0.0001,-0.6881,0,0.0542,0.9969,0.0573,0,-0.686,0.0788,-0.7233,0,-0.0634,2.5466,-0.0237,1]},
{"frame":212,"values":[0.7257,0.0002,-0.6881,0,0.0541,0.9969,0.0573,0,-0.6859,0.0788,-0.7234,0,-0.0629,2.5458,-0.0221,1]},
{"frame":213,"values":[0.7257,0.0002,-0.688,0,0.0541,0.9969,0.0574,0,-0.6859,0.0788,-0.7234,0,-0.0622,2.5452,-0.0206,1]},
{"frame":214,"values":[0.7257,0.0003,-0.688,0,0.054,0.9969,0.0574,0,-0.6858,0.0788,-0.7235,0,-0.0616,2.5449,-0.0191,1]},
{"frame":215,"values":[0.7258,0.0005,-0.6879,0,0.0539,0.9969,0.0576,0,-0.6857,0.0789,-0.7236,0,-0.0609,2.5448,-0.0179,1]},
{"frame":216,"values":[0.726,0.0006,-0.6877,0,0.0538,0.9969,0.0578,0,-0.6856,0.079,-0.7237,0,-0.0603,2.5449,-0.0171,1]},
{"frame":217,"values":[0.7261,0.0008,-0.6876,0,0.0539,0.9969,0.058,0,-0.6855,0.0792,-0.7237,0,-0.0597,2.5452,-0.017,1]},
{"frame":218,"values":[0.7261,0.0009,-0.6876,0,0.054,0.9968,0.0584,0,-0.6855,0.0795,-0.7237,0,-0.0591,2.5457,-0.0175,1]},
{"frame":219,"values":[0.726,0.0009,-0.6877,0,0.0544,0.9968,0.0588,0,-0.6855,0.0801,-0.7236,0,-0.0587,2.5463,-0.0185,1]},
{"frame":220,"values":[0.7258,0.0009,-0.6879,0,0.0549,0.9967,0.0592,0,-0.6857,0.0808,-0.7234,0,-0.0583,2.5469,-0.02,1]},
{"frame":221,"values":[0.7256,0.0007,-0.6881,0,0.0556,0.9967,0.0597,0,-0.6859,0.0815,-0.7231,0,-0.0581,2.5478,-0.022,1]},
{"frame":222,"values":[0.7256,0.0006,-0.6881,0,0.0562,0.9966,0.06,0,-0.6858,0.0822,-0.7231,0,-0.058,2.5487,-0.0243,1]},
{"frame":223,"values":[0.7258,0.0004,-0.6879,0,0.0566,0.9966,0.0603,0,-0.6855,0.0827,-0.7233,0,-0.0581,2.55,-0.0268,1]},
{"frame":224,"values":[0.7261,0.0002,-0.6876,0,0.0569,0.9966,0.0604,0,-0.6852,0.0829,-0.7236,0,-0.0582,2.5516,-0.0295,1]},
{"frame":225,"values":[0.7262,0.0002,-0.6875,0,0.057,0.9965,0.0605,0,-0.6851,0.0831,-0.7237,0,-0.0585,2.5534,-0.0325,1]},
{"frame":226,"values":[0.726,0.0002,-0.6877,0,0.0572,0.9965,0.0607,0,-0.6853,0.0834,-0.7235,0,-0.0587,2.5551,-0.0355,1]},
{"frame":227,"values":[0.7259,0.0002,-0.6878,0,0.0576,0.9965,0.0611,0,-0.6854,0.084,-0.7233,0,-0.0589,2.5565,-0.0385,1]},
{"frame":228,"values":[0.726,0.0001,-0.6877,0,0.0582,0.9964,0.0616,0,-0.6852,0.0847,-0.7234,0,-0.0591,2.5577,-0.0414,1]},
{"frame":229,"values":[0.7262,0,-0.6875,0,0.0588,0.9963,0.0621,0,-0.685,0.0855,-0.7235,0,-0.0595,2.5588,-0.0439,1]},
{"frame":230,"values":[0.7263,0,-0.6874,0,0.0592,0.9963,0.0626,0,-0.6848,0.0861,-0.7236,0,-0.0601,2.5601,-0.0461,1]},
{"frame":231,"values":[0.7263,0.0001,-0.6874,0,0.0594,0.9962,0.0629,0,-0.6848,0.0866,-0.7235,0,-0.0605,2.5616,-0.0481,1]},
{"frame":232,"values":[0.7262,0.0001,-0.6875,0,0.0597,0.9962,0.0631,0,-0.6849,0.0869,-0.7234,0,-0.061,2.563,-0.0498,1]},
{"frame":233,"values":[0.7262,0.0001,-0.6875,0,0.0599,0.9962,0.0634,0,-0.6849,0.0872,-0.7234,0,-0.0614,2.5641,-0.0512,1]},
{"frame":234,"values":[0.7263,0.0002,-0.6874,0,0.0601,0.9961,0.0638,0,-0.6848,0.0877,-0.7235,0,-0.0619,2.5651,-0.0523,1]},
{"frame":235,"values":[0.7265,0.0003,-0.6871,0,0.0604,0.9961,0.0643,0,-0.6845,0.0882,-0.7237,0,-0.0624,2.5658,-0.0532,1]},
{"frame":236,"values":[0.7267,0.0004,-0.687,0,0.0606,0.9961,0.0647,0,-0.6843,0.0886,-0.7238,0,-0.063,2.5662,-0.0539,1]},
{"frame":237,"values":[0.7266,0.0005,-0.6871,0,0.0607,0.996,0.0649,0,-0.6844,0.0889,-0.7237,0,-0.0636,2.5664,-0.0541,1]},
{"frame":238,"values":[0.7264,0.0006,-0.6873,0,0.0607,0.996,0.065,0,-0.6846,0.0889,-0.7235,0,-0.0642,2.5663,-0.0541,1]},
{"frame":239,"values":[0.7263,0.0008,-0.6874,0,0.0605,0.996,0.0651,0,-0.6847,0.0889,-0.7234,0,-0.0648,2.566,-0.0538,1]},
{"frame":240,"values":[0.7264,0.0009,-0.6873,0,0.0603,0.9961,0.065,0,-0.6846,0.0886,-0.7235,0,-0.0655,2.5656,-0.0533,1]},
{"frame":241,"values":[0.7267,0.001,-0.6869,0,0.0599,0.9961,0.0648,0,-0.6843,0.0883,-0.7238,0,-0.0664,2.5652,-0.0527,1]},
{"frame":242,"values":[0.7269,0.0012,-0.6867,0,0.0594,0.9961,0.0647,0,-0.6841,0.0878,-0.724,0,-0.0675,2.5647,-0.0519,1]},
{"frame":243,"values":[0.727,0.0015,-0.6866,0,0.059,0.9962,0.0646,0,-0.6841,0.0875,-0.7241,0,-0.0684,2.5641,-0.0509,1]},
{"frame":244,"values":[0.7271,0.0016,-0.6865,0,0.0588,0.9962,0.0646,0,-0.684,0.0873,-0.7242,0,-0.0692,2.5632,-0.0496,1]},
{"frame":245,"values":[0.7274,0.0017,-0.6863,0,0.0585,0.9962,0.0644,0,-0.6838,0.087,-0.7245,0,-0.0698,2.5622,-0.0479,1]},
{"frame":246,"values":[0.7277,0.0017,-0.6859,0,0.0581,0.9962,0.0641,0,-0.6834,0.0865,-0.7249,0,-0.0703,2.5612,-0.0459,1]},
{"frame":247,"values":[0.728,0.0017,-0.6856,0,0.0576,0.9963,0.0637,0,-0.6831,0.0859,-0.7252,0,-0.0707,2.5602,-0.0437,1]},
{"frame":248,"values":[0.7282,0.0018,-0.6854,0,0.0572,0.9964,0.0633,0,-0.683,0.0853,-0.7254,0,-0.0711,2.5593,-0.0414,1]},
{"frame":249,"values":[0.7283,0.0018,-0.6853,0,0.0566,0.9964,0.0628,0,-0.683,0.0845,-0.7255,0,-0.0714,2.5583,-0.0388,1]},
{"frame":250,"values":[0.7284,0.0019,-0.6851,0,0.0558,0.9965,0.0621,0,-0.6829,0.0835,-0.7258,0,-0.0716,2.5573,-0.0361,1]},
{"frame":251,"values":[0.7286,0.002,-0.6849,0,0.055,0.9966,0.0614,0,-0.6827,0.0824,-0.726,0,-0.0718,2.5563,-0.0334,1]},
{"frame":252,"values":[0.7288,0.0021,-0.6848,0,0.0542,0.9967,0.0607,0,-0.6826,0.0813,-0.7262,0,-0.0722,2.5554,-0.0307,1]},
{"frame":253,"values":[0.7288,0.0022,-0.6847,0,0.0533,0.9968,0.06,0,-0.6827,0.0802,-0.7263,0,-0.0725,2.5542,-0.0282,1]},
{"frame":254,"values":[0.7287,0.0023,-0.6848,0,0.0527,0.9968,0.0593,0,-0.6828,0.0793,-0.7263,0,-0.073,2.5529,-0.0261,1]},
{"frame":255,"values":[0.7286,0.0024,-0.685,0,0.0521,0.9969,0.0589,0,-0.683,0.0786,-0.7262,0,-0.0735,2.5515,-0.0244,1]},
{"frame":256,"values":[0.7284,0.0026,-0.6852,0,0.0516,0.9969,0.0587,0,-0.6833,0.0781,-0.726,0,-0.0743,2.5502,-0.0229,1]},
{"frame":257,"values":[0.7282,0.0028,-0.6853,0,0.051,0.997,0.0583,0,-0.6834,0.0774,-0.7259,0,-0.0752,2.549,-0.0219,1]},
{"frame":258,"values":[0.7283,0.003,-0.6853,0,0.0504,0.997,0.0579,0,-0.6834,0.0767,-0.726,0,-0.0762,2.5482,-0.0211,1]},
{"frame":259,"values":[0.7284,0.0032,-0.6851,0,0.0498,0.9971,0.0575,0,-0.6833,0.076,-0.7261,0,-0.0774,2.5474,-0.0206,1]},
{"frame":260,"values":[0.7284,0.0033,-0.6852,0,0.0493,0.9971,0.0572,0,-0.6834,0.0754,-0.7261,0,-0.0786,2.5466,-0.0201,1]},
{"frame":261,"values":[0.728,0.0034,-0.6855,0,0.049,0.9972,0.057,0,-0.6838,0.0751,-0.7258,0,-0.0799,2.5459,-0.0197,1]},
{"frame":262,"values":[0.7275,0.0035,-0.6861,0,0.0488,0.9972,0.0568,0,-0.6844,0.0748,-0.7253,0,-0.0814,2.5453,-0.0196,1]},
{"frame":263,"values":[0.7269,0.0036,-0.6867,0,0.0486,0.9972,0.0566,0,-0.685,0.0746,-0.7247,0,-0.0832,2.545,-0.0198,1]},
{"frame":264,"values":[0.7265,0.0034,-0.6872,0,0.0487,0.9972,0.0565,0,-0.6855,0.0745,-0.7243,0,-0.0851,2.5447,-0.0203,1]},
{"frame":265,"values":[0.7263,0.0033,-0.6874,0,0.049,0.9972,0.0566,0,-0.6857,0.0748,-0.7241,0,-0.0868,2.5443,-0.0213,1]},
{"frame":266,"values":[0.7263,0.0032,-0.6874,0,0.0495,0.9971,0.057,0,-0.6856,0.0754,-0.7241,0,-0.0883,2.544,-0.0225,1]},
{"frame":267,"values":[0.7266,0.0034,-0.687,0,0.0498,0.9971,0.0575,0,-0.6852,0.076,-0.7243,0,-0.0898,2.5443,-0.0239,1]},
{"frame":268,"values":[0.7271,0.0035,-0.6865,0,0.05,0.9971,0.0581,0,-0.6847,0.0765,-0.7248,0,-0.0911,2.5453,-0.0255,1]},
{"frame":269,"values":[0.7275,0.0036,-0.6861,0,0.0501,0.997,0.0583,0,-0.6843,0.0768,-0.7251,0,-0.0922,2.5467,-0.0271,1]},
{"frame":270,"values":[0.7275,0.0035,-0.6861,0,0.0504,0.997,0.0585,0,-0.6842,0.0771,-0.7252,0,-0.0929,2.5478,-0.0286,1]},
{"frame":271,"values":[0.7273,0.0034,-0.6863,0,0.0509,0.997,0.059,0,-0.6844,0.0779,-0.7249,0,-0.0933,2.5485,-0.0302,1]},
{"frame":272,"values":[0.7273,0.0035,-0.6864,0,0.0517,0.9969,0.0599,0,-0.6844,0.079,-0.7248,0,-0.0937,2.5491,-0.0322,1]},
{"frame":273,"values":[0.7278,0.0037,-0.6858,0,0.0523,0.9968,0.0609,0,-0.6838,0.0802,-0.7252,0,-0.0944,2.5503,-0.0346,1]},
{"frame":274,"values":[0.7284,0.0038,-0.6852,0,0.0528,0.9967,0.0617,0,-0.6831,0.0811,-0.7258,0,-0.0953,2.5523,-0.0374,1]},
{"frame":275,"values":[0.7287,0.0039,-0.6848,0,0.0532,0.9966,0.0622,0,-0.6828,0.0818,-0.726,0,-0.096,2.5545,-0.0403,1]},
{"frame":276,"values":[0.7286,0.0039,-0.6849,0,0.0537,0.9966,0.0628,0,-0.6828,0.0825,-0.7259,0,-0.0965,2.5565,-0.0431,1]},
{"frame":277,"values":[0.7285,0.0039,-0.685,0,0.0543,0.9965,0.0633,0,-0.6829,0.0833,-0.7258,0,-0.0966,2.558,-0.0457,1]},
{"frame":278,"values":[0.7286,0.0038,-0.6849,0,0.0549,0.9964,0.0639,0,-0.6827,0.0841,-0.7258,0,-0.0966,2.5591,-0.0483,1]},
{"frame":279,"values":[0.7288,0.0037,-0.6847,0,0.0554,0.9964,0.0643,0,-0.6825,0.0848,-0.726,0,-0.0965,2.5603,-0.0507,1]},
{"frame":280,"values":[0.7288,0.0037,-0.6848,0,0.0556,0.9964,0.0645,0,-0.6825,0.0851,-0.7259,0,-0.0964,2.5615,-0.0529,1]},
{"frame":281,"values":[0.7283,0.0037,-0.6853,0,0.0557,0.9964,0.0645,0,-0.683,0.0852,-0.7254,0,-0.096,2.5626,-0.0548,1]},
{"frame":282,"values":[0.7277,0.0036,-0.6859,0,0.0559,0.9963,0.0645,0,-0.6836,0.0853,-0.7248,0,-0.0955,2.5636,-0.0566,1]},
{"frame":283,"values":[0.7274,0.0034,-0.6862,0,0.0562,0.9963,0.0645,0,-0.6839,0.0855,-0.7246,0,-0.095,2.5645,-0.058,1]},
{"frame":284,"values":[0.7274,0.0032,-0.6862,0,0.0565,0.9963,0.0645,0,-0.6839,0.0856,-0.7246,0,-0.0946,2.5649,-0.0591,1]},
{"frame":285,"values":[0.7275,0.0031,-0.6861,0,0.0566,0.9963,0.0645,0,-0.6838,0.0857,-0.7246,0,-0.0939,2.565,-0.0598,1]},
{"frame":286,"values":[0.7275,0.0031,-0.6861,0,0.0567,0.9963,0.0645,0,-0.6838,0.0858,-0.7246,0,-0.0932,2.5649,-0.0601,1]},
{"frame":287,"values":[0.7277,0.0031,-0.6859,0,0.0567,0.9963,0.0646,0,-0.6835,0.0859,-0.7249,0,-0.0923,2.5646,-0.0599,1]},
{"frame":288,"values":[0.7282,0.003,-0.6854,0,0.0566,0.9963,0.0646,0,-0.683,0.0859,-0.7253,0,-0.0913,2.5642,-0.0592,1]},
{"frame":289,"values":[0.7285,0.003,-0.685,0,0.0565,0.9963,0.0644,0,-0.6827,0.0856,-0.7257,0,-0.0902,2.5639,-0.058,1]},
{"frame":290,"values":[0.7283,0.003,-0.6852,0,0.0562,0.9964,0.0641,0,-0.6829,0.0852,-0.7255,0,-0.089,2.5639,-0.0563,1]},
{"frame":291,"values":[0.7278,0.0031,-0.6858,0,0.0559,0.9964,0.0638,0,-0.6836,0.0847,-0.725,0,-0.0878,2.564,-0.0543,1]},
{"frame":292,"values":[0.7273,0.0031,-0.6863,0,0.0556,0.9964,0.0634,0,-0.6841,0.0843,-0.7245,0,-0.0866,2.5638,-0.0521,1]},
{"frame":293,"values":[0.7272,0.0031,-0.6864,0,0.0553,0.9965,0.0631,0,-0.6842,0.0838,-0.7245,0,-0.0855,2.5631,-0.0497,1]},
{"frame":294,"values":[0.7275,0.0032,-0.6861,0,0.0549,0.9965,0.0629,0,-0.6839,0.0835,-0.7248,0,-0.0843,2.562,-0.0474,1]},
{"frame":295,"values":[0.7279,0.0035,-0.6857,0,0.0545,0.9965,0.0629,0,-0.6835,0.0831,-0.7252,0,-0.0832,2.5606,-0.045,1]},
{"frame":296,"values":[0.7282,0.0036,-0.6853,0,0.0542,0.9966,0.0628,0,-0.6832,0.0829,-0.7255,0,-0.0822,2.5592,-0.0426,1]},
{"frame":297,"values":[0.7281,0.0037,-0.6855,0,0.054,0.9966,0.0627,0,-0.6834,0.0827,-0.7254,0,-0.0815,2.558,-0.0405,1]},
{"frame":298,"values":[0.7276,0.0039,-0.686,0,0.0537,0.9966,0.0625,0,-0.684,0.0823,-0.7249,0,-0.0811,2.5572,-0.0384,1]},
{"frame":299,"values":[0.7271,0.0039,-0.6866,0,0.0533,0.9966,0.0622,0,-0.6845,0.0818,-0.7244,0,-0.0811,2.5566,-0.0363,1]},
{"frame":300,"values":[0.727,0.0038,-0.6866,0,0.053,0.9967,0.0616,0,-0.6846,0.0812,-0.7244,0,-0.0813,2.5558,-0.0342,1]},
{"frame":301,"values":[0.7274,0.0032,-0.6862,0,0.053,0.9967,0.0608,0,-0.6841,0.0806,-0.7249,0,-0.0815,2.5543,-0.0323,1]},
{"frame":302,"values":[0.728,0.0026,-0.6856,0,0.0531,0.9968,0.0602,0,-0.6835,0.0803,-0.7255,0,-0.0814,2.5526,-0.0305,1]},
{"frame":303,"values":[0.7285,0.0023,-0.685,0,0.0531,0.9968,0.0598,0,-0.6829,0.08,-0.7261,0,-0.0808,2.5511,-0.0286,1]},
{"frame":304,"values":[0.7291,0.0021,-0.6844,0,0.0529,0.9968,0.0594,0,-0.6824,0.0795,-0.7267,0,-0.08,2.5502,-0.0268,1]},
{"frame":305,"values":[0.7294,0.002,-0.6841,0,0.0524,0.9969,0.0587,0,-0.6821,0.0786,-0.727,0,-0.0792,2.5497,-0.0251,1]},
{"frame":306,"values":[0.7292,0.0016,-0.6843,0,0.0519,0.997,0.0577,0,-0.6823,0.0776,-0.727,0,-0.0782,2.549,-0.0238,1]},
{"frame":307,"values":[0.7287,0.0014,-0.6849,0,0.0516,0.997,0.0569,0,-0.6829,0.0768,-0.7264,0,-0.0771,2.5479,-0.0227,1]},
{"frame":308,"values":[0.7281,0.0012,-0.6855,0,0.0516,0.9971,0.0565,0,-0.6836,0.0765,-0.7259,0,-0.0762,2.5465,-0.0219,1]},
{"frame":309,"values":[0.7279,0.001,-0.6856,0,0.0518,0.9971,0.0565,0,-0.6837,0.0766,-0.7258,0,-0.0756,2.5457,-0.0215,1]},
{"frame":310,"values":[0.728,0.0008,-0.6856,0,0.052,0.997,0.0565,0,-0.6836,0.0768,-0.7258,0,-0.0754,2.5453,-0.0215,1]},
{"frame":311,"values":[0.7277,0.0007,-0.6859,0,0.0521,0.9971,0.0563,0,-0.6839,0.0767,-0.7255,0,-0.0753,2.5452,-0.0219,1]},
{"frame":312,"values":[0.7269,0.0007,-0.6868,0,0.052,0.9971,0.056,0,-0.6848,0.0764,-0.7247,0,-0.0752,2.5452,-0.0227,1]},
{"frame":313,"values":[0.7259,0.0007,-0.6878,0,0.0518,0.9971,0.0558,0,-0.6859,0.0761,-0.7237,0,-0.0752,2.5454,-0.024,1]},
{"frame":314,"values":[0.7252,0.0008,-0.6885,0,0.0517,0.9971,0.0556,0,-0.6866,0.0759,-0.7231,0,-0.0753,2.5457,-0.0257,1]},
{"frame":315,"values":[0.7252,0.001,-0.6886,0,0.0516,0.9971,0.0558,0,-0.6866,0.076,-0.723,0,-0.0755,2.5462,-0.0278,1]},
{"frame":316,"values":[0.7254,0.0013,-0.6884,0,0.0516,0.9971,0.0563,0,-0.6864,0.0764,-0.7232,0,-0.0758,2.5468,-0.0303,1]},
{"frame":317,"values":[0.7249,0.0016,-0.6889,0,0.052,0.997,0.057,0,-0.6869,0.0771,-0.7226,0,-0.076,2.5477,-0.0332,1]},
{"frame":318,"values":[0.7236,0.0019,-0.6902,0,0.0526,0.9969,0.0578,0,-0.6882,0.0781,-0.7213,0,-0.0763,2.5488,-0.0368,1]},
{"frame":319,"values":[0.7221,0.0019,-0.6918,0,0.0533,0.9969,0.0585,0,-0.6898,0.0791,-0.7197,0,-0.0768,2.55,-0.0409,1]},
{"frame":320,"values":[0.7209,0.0019,-0.693,0,0.0542,0.9968,0.059,0,-0.6909,0.0801,-0.7185,0,-0.0776,2.5513,-0.0453,1]},
{"frame":321,"values":[0.7203,0.0017,-0.6937,0,0.0549,0.9967,0.0594,0,-0.6915,0.0808,-0.7178,0,-0.0781,2.5528,-0.0496,1]},
{"frame":322,"values":[0.7197,0.0013,-0.6943,0,0.0554,0.9967,0.0593,0,-0.6921,0.0811,-0.7172,0,-0.0782,2.5544,-0.0534,1]},
{"frame":323,"values":[0.719,0.0009,-0.695,0,0.0557,0.9967,0.0589,0,-0.6928,0.081,-0.7166,0,-0.0779,2.5561,-0.0567,1]},
{"frame":324,"values":[0.7185,0.0004,-0.6956,0,0.0558,0.9967,0.0583,0,-0.6933,0.0807,-0.7161,0,-0.0773,2.5578,-0.0594,1]},
{"frame":325,"values":[0.7183,0,-0.6957,0,0.0561,0.9968,0.0578,0,-0.6935,0.0805,-0.716,0,-0.0764,2.5593,-0.0616,1]},
{"frame":326,"values":[0.7184,-0.0005,-0.6957,0,0.0565,0.9967,0.0577,0,-0.6934,0.0808,-0.716,0,-0.0754,2.5607,-0.0638,1]},
{"frame":327,"values":[0.7185,-0.0007,-0.6956,0,0.0572,0.9967,0.058,0,-0.6932,0.0814,-0.7161,0,-0.0743,2.5618,-0.0662,1]},
{"frame":328,"values":[0.7185,-0.0009,-0.6955,0,0.0579,0.9966,0.0585,0,-0.6931,0.0823,-0.7161,0,-0.0734,2.5627,-0.0688,1]},
{"frame":329,"values":[0.7185,-0.001,-0.6955,0,0.0586,0.9965,0.0591,0,-0.693,0.0832,-0.7161,0,-0.0727,2.5634,-0.0713,1]},
{"frame":330,"values":[0.7186,-0.0011,-0.6954,0,0.0592,0.9965,0.0596,0,-0.6929,0.084,-0.7161,0,-0.072,2.5639,-0.0733,1]},
{"frame":331,"values":[0.7188,-0.0011,-0.6952,0,0.0597,0.9964,0.0601,0,-0.6926,0.0847,-0.7163,0,-0.0714,2.5643,-0.0744,1]},
{"frame":332,"values":[0.7194,-0.001,-0.6946,0,0.06,0.9963,0.0607,0,-0.692,0.0854,-0.7168,0,-0.0708,2.5643,-0.0746,1]},
{"frame":333,"values":[0.7202,-0.0008,-0.6937,0,0.0601,0.9963,0.0612,0,-0.6911,0.0858,-0.7176,0,-0.0703,2.564,-0.074,1]},
{"frame":334,"values":[0.7212,-0.0009,-0.6928,0,0.0603,0.9963,0.0614,0,-0.6901,0.0861,-0.7185,0,-0.0701,2.5637,-0.0731,1]},
