{"producer":{"name":"Blender","version":"2.81 (sub 16)","exporter_version":"6.2.3","file":"Female_Casual_sar.babylon"},
"autoClear":true,"clearColor":[1,1,1],"gravity":[0,-9.81,0],
"materials":[{"name":"Skin","id":"Skin","customType":"BABYLON.StandardMaterial","backFaceCulling":true,"checkReadyOnlyOnce":false,"maxSimultaneousLights":4,"diffuse":[0.3844,0.2479,0.1289],"specular":[0.5,0.5,0.5]},
{"name":"Eyes","id":"Eyes","customType":"BABYLON.StandardMaterial","backFaceCulling":true,"checkReadyOnlyOnce":false,"maxSimultaneousLights":4,"diffuse":[0.0254,0.0254,0.0254],"specular":[0.5,0.5,0.5]},
{"name":"Hair","id":"Hair","customType":"BABYLON.StandardMaterial","backFaceCulling":true,"checkReadyOnlyOnce":false,"maxSimultaneousLights":4,"diffuse":[0.0331,0.0157,0.0132],"specular":[0.5,0.5,0.5]},
{"name":"Shirt","id":"Shirt","customType":"BABYLON.StandardMaterial","backFaceCulling":true,"checkReadyOnlyOnce":false,"maxSimultaneousLights":4,"diffuse":[0.1857,0.233,0.1546],"specular":[0.5,0.5,0.5]},
{"name":"Pants","id":"Pants","customType":"BABYLON.StandardMaterial","backFaceCulling":true,"checkReadyOnlyOnce":false,"maxSimultaneousLights":4,"diffuse":[0.0607,0.0529,0.0529],"specular":[0.5,0.5,0.5]},
{"name":"Socks","id":"Socks","customType":"BABYLON.StandardMaterial","backFaceCulling":true,"checkReadyOnlyOnce":false,"maxSimultaneousLights":4,"diffuse":[0.0445,0.0389,0.0389],"specular":[0.5,0.5,0.5]},
{"name":"Shoes","id":"Shoes","customType":"BABYLON.StandardMaterial","backFaceCulling":true,"checkReadyOnlyOnce":false,"maxSimultaneousLights":4,"diffuse":[0.0254,0.0254,0.0254],"specular":[0.5,0.5,0.5]},
{"name":"HairBase","id":"HairBase","customType":"BABYLON.StandardMaterial","backFaceCulling":true,"checkReadyOnlyOnce":false,"maxSimultaneousLights":4,"diffuse":[0.0871,0.0871,0.0871],"specular":[0.5,0.5,0.5]}],
"multiMaterials":[{"name":"Female_Casual_sar.Multimaterial#0","id":"Female_Casual_sar.Multimaterial#0","materials":["Skin","Eyes","Hair","Shirt","Pants","Socks","Shoes","HairBase"]}],
"skeletons":[{"name":"HumanArmature","id":0,"dimensionsAtRest":[5.0396,4.6166,1.9386],"bones":[
{"name":"Bone","index":0,"matrix":[1,0,0,0,0,1,0,0,0,0,-1,0,-0.0032,-0.0059,0.0003,1],"rest":[1,0,0,0,0,1,0,0,0,0,-1,0,-0.0032,-0.0059,0.0003,1],"parentBoneIndex":-1,"length":0.2668
,"animation":{"dataType":3,"framePerSecond":24,"keys":[
{"frame":0,"values":[1,0,0,0,0,1,0,0,0,0,-1,0,-0.0032,-0.0059,0.0003,1]},
{"frame":40,"values":[1,0,0,0,0,1,0,0,0,0,-1,0,-0.0032,-0.0059,0.0003,1]},
{"frame":50,"values":[1,0,0,0,0,1,0,0,0,0,-1,0,-0.0032,-0.0059,0.0003,1]},
{"frame":100,"values":[1,0,0,0,0,1,0,0,0,0,-1,0,-0.0032,-0.0059,0.0003,1]},
{"frame":110,"values":[1,0,0,0,0,1,0,0,0,0,-1,0,-0.0032,-0.0059,0.0003,1]},
{"frame":135,"values":[1,0,0,0,0,1,0,0,0,0,-1,0,-0.0032,-0.0059,0.0003,1]},
{"frame":140,"values":[1,0,0,0,0,1,0,0,0,0,-1,0,-0.0032,-0.0059,0.0003,1]},
{"frame":162,"values":[1,0,0,0,0,1,0,0,0,0,-1,0,-0.0032,-0.0059,0.0003,1]},
{"frame":170,"values":[1,0,0,0,0,1,0,0,0,0,-1,0,-0.0032,-0.0059,0.0003,1]},
{"frame":200,"values":[1,0,0,0,0,1,0,0,0,0,-1,0,-0.0032,-0.0059,0.0003,1]},
{"frame":210,"values":[1,0,0,0,0,1,0,0,0,0,-1,0,-0.0032,-0.0059,0.0003,1]},
{"frame":231,"values":[1,0,0,0,0,1,0,0,0,0,-1,0,-0.0032,-0.0059,0.0003,1]},
{"frame":240,"values":[1,0,0,0,0,1,0,0,0,0,-1,0,-0.0032,-0.0059,0.0003,1]},
{"frame":270,"values":[1,0,0,0,0,1,0,0,0,0,-1,0,-0.0032,-0.0059,0.0003,1]},
{"frame":280,"values":[1,0,0,0,0,1,0,0,0,0,-1,0,-0.0032,-0.0059,0.0003,1]},
{"frame":480,"values":[1,0,0,0,0,1,0,0,0,0,-1,0,-0.0032,-0.0059,0.0003,1]},
{"frame":490,"values":[1,0,0,0,0,1,0,0,0,0,-1,0,-0.0032,-0.0059,0.0003,1]},
{"frame":510,"values":[1,0,0,0,0,1,0,0,0,0,-1,0,-0.0032,-0.0059,0.0003,1]},
{"frame":520,"values":[1,0,0,0,0,1,0,0,0,0,-1,0,-0.0032,-0.0059,0.0003,1]},
{"frame":545,"values":[1,0,0,0,0,1,0,0,0,0,-1,0,-0.0032,-0.0059,0.0003,1]},
{"frame":550,"values":[1,0,0,0,0,1,0,0,0,0,-1,0,-0.0032,-0.0059,0.0003,1]},
{"frame":575,"values":[1,0,0,0,0,1,0,0,0,0,-1,0,-0.0032,-0.0059,0.0003,1]},
{"frame":580,"values":[1,0,0,0,0,1,0,0,0,0,-1,0,-0.0032,-0.0059,0.0003,1]},
{"frame":581,"values":[1,0,0,0,0,1,0,0,0,0,-1,0,-0.0032,-0.0059,0.0003,1]}],"loopBehavior":1,"name":"anim","property":"_matrix"}},
{"name":"Foot.L","index":1,"matrix":[-1,0,0,0,0,-0.0324,0.9995,0,0,0.9995,0.0324,0,0.3081,0.0601,-0.0383,1],"rest":[-1,0,0,0,0,-0.0324,0.9995,0,0,0.9993,0.0324,0,0.3081,0.0601,-0.0383,1],"parentBoneIndex":0,"length":0.3255
,"animation":{"dataType":3,"framePerSecond":24,"keys":[
{"frame":0,"values":[-0.9262,0,0.3771,0,0.3769,-0.0324,0.9257,0,0.0122,0.9995,0.03,0,0.3836,0.0601,-0.1487,1]},
{"frame":40,"values":[-0.9262,0,0.3771,0,0.3769,-0.0324,0.9257,0,0.0122,0.9995,0.03,0,0.3836,0.0601,-0.1487,1]},
{"frame":50,"values":[-1,0,0,0,0,-0.0324,0.9995,0,0,0.9995,0.0324,0,0.3081,0.0601,-0.0383,1]},
{"frame":51,"values":[-1,0,0,0,0,-0.095,0.9955,0,0,0.9955,0.095,0,0.3081,0.0922,-0.0559,1]},
{"frame":52,"values":[-1,0,0,0,0,-0.1518,0.9884,0,0,0.9884,0.1518,0,0.3081,0.1231,-0.0762,1]},
{"frame":53,"values":[-1,0,0,0,0,-0.2056,0.9786,0,0,0.9786,0.2056,0,0.3081,0.1535,-0.0975,1]},
{"frame":54,"values":[-1,0,0,0,0,-0.2618,0.9651,0,0,0.9651,0.2618,0,0.3081,0.1844,-0.1177,1]},
{"frame":55,"values":[-1,0,0,0,0,-0.326,0.9454,0,0,0.9454,0.326,0,0.3081,0.2171,-0.1341,1]},
{"frame":56,"values":[-1,0,0,0,0,-0.401,0.9161,0,0,0.9161,0.401,0,0.3081,0.2522,-0.1452,1]},
{"frame":57,"values":[-1,0,0,0,0,-0.4859,0.874,0,0,0.874,0.4859,0,0.3081,0.2897,-0.1509,1]},
{"frame":58,"values":[-1,0,0,0,0,-0.5749,0.8182,0,0,0.8182,0.5749,0,0.3081,0.3375,-0.1532,1]},
{"frame":59,"values":[-1,0,0,0,0,-0.6646,0.7472,0,0,0.7472,0.6646,0,0.3081,0.399,-0.1539,1]},
{"frame":60,"values":[-1,0,0,0,0,-0.7559,0.6547,0,0,0.6547,0.7559,0,0.3081,0.4597,-0.1533,1]},
{"frame":61,"values":[-1,0,0,0,0,-0.8458,0.5335,0,0,0.5335,0.8458,0,0.3081,0.5012,-0.1524,1]},
{"frame":62,"values":[-1,0,0,0,0,-0.9252,0.3794,0,0,0.3794,0.9252,0,0.3081,0.5149,-0.152,1]},
{"frame":63,"values":[-1,0,0,0,0,-0.9907,0.1362,0,0,0.1362,0.9907,0,0.3081,0.4951,-0.1416,1]},
{"frame":64,"values":[-1,0,0,0,0,-0.971,-0.239,0,0,-0.239,0.971,0,0.3081,0.4395,-0.1121,1]},
{"frame":65,"values":[-1,0,0,0,0,-0.7982,-0.6023,0,0,-0.6023,0.7982,0,0.3081,0.368,-0.0744,1]},
{"frame":66,"values":[-1,0,0,0,0,-0.6005,-0.7996,0,0,-0.7996,0.6005,0,0.3081,0.3123,-0.045,1]},
{"frame":67,"values":[-1,0,0,0,0,-0.5246,-0.8514,0,0,-0.8514,0.5246,0,0.3081,0.2925,-0.0345,1]},
{"frame":83,"values":[-1,0,0,0,0,-0.4036,-0.915,0,0,-0.915,0.4036,0,0.3081,0.6024,0.1395,1]},
{"frame":84,"values":[-1,0,0,0,0,-0.1193,-0.9929,0,0,-0.9929,0.1193,0,0.3081,1.2655,0.5119,1]},
{"frame":85,"values":[-1,0,0,0,0,0.0172,-0.9999,0,0,-0.9999,-0.0172,0,0.3081,1.5754,0.6859,1]},
{"frame":86,"values":[-1,0,0,0,0,0.0011,-1,0,0,-1,-0.0011,0,0.3081,1.5163,0.6604,1]},
{"frame":87,"values":[-1,0,0,0,0,-0.0467,-0.9989,0,0,-0.9989,0.0467,0,0.3081,1.3525,0.5897,1]},
{"frame":88,"values":[-1,0,0,0,0,-0.1194,-0.9928,0,0,-0.9928,0.1194,0,0.3081,1.1089,0.4845,1]},
{"frame":89,"values":[-1,0,0,0,0,-0.2012,-0.9795,0,0,-0.9795,0.2012,0,0.3081,0.8184,0.3588,1]},
{"frame":90,"values":[-1,0,0,0,0,-0.2722,-0.9623,0,0,-0.9623,0.2722,0,0.3081,0.525,0.2315,1]},
{"frame":91,"values":[-1,0,0,0,0,-0.3178,-0.9482,0,0,-0.9482,0.3178,0,0.3081,0.2873,0.1276,1]},
{"frame":92,"values":[-1,0,0,0,0,-0.333,-0.9429,0,0,-0.9429,0.333,0,0.3081,0.1857,0.0816,1]},
{"frame":93,"values":[-1,0,0,0,0,-0.333,-0.9429,0,0,-0.9429,0.333,0,0.3081,0.2178,0.0816,1]},
{"frame":94,"values":[-1,0,0,0,0,-0.333,-0.9429,0,0,-0.9429,0.333,0,0.3081,0.2018,0.0816,1]},
{"frame":95,"values":[-1,0,0,0,0,-0.333,-0.9429,0,0,-0.9429,0.333,0,0.3081,0.1857,0.0816,1]},
{"frame":100,"values":[-1,0,0,0,0,-0.333,-0.9429,0,0,-0.9429,0.333,0,0.3081,0.1857,0.0816,1]},
{"frame":110,"values":[-1,0,0,0,0,-0.0324,0.9995,0,0,0.9995,0.0324,0,0.3081,0.0601,-0.0383,1]},
{"frame":117,"values":[-1,0,0,0,0,-0.2086,0.978,0,0,0.978,0.2086,0,0.3081,0.2701,-0.0466,1]},
{"frame":118,"values":[-1,0,0,0,0,-0.5744,0.8186,0,0,0.8186,0.5744,0,0.3081,0.7839,-0.0691,1]},
{"frame":119,"values":[-1,0,0,0,0,-0.7437,0.6685,0,0,0.6685,0.7437,0,0.3081,1.1929,-0.0922,1]},
{"frame":120,"values":[-1,0,0,0,0,-0.7808,0.6248,0,0,0.6248,0.7808,0,0.3081,1.4392,-0.1162,1]},
{"frame":121,"values":[-1,0,0,0,0,-0.802,0.5973,0,0,0.5973,0.802,0,0.3081,1.631,-0.1453,1]},
{"frame":122,"values":[-1,0,0,0,0,-0.8096,0.587,0,0,0.587,0.8096,0,0.3081,1.7364,-0.168,1]},
{"frame":123,"values":[-1,0,0,0,0,-0.8106,0.5857,0,0,0.5857,0.8106,0,0.3081,1.7644,-0.1757,1]},
{"frame":124,"values":[-1,0,0,0,0,-0.7316,0.6817,0,0,0.6817,0.7316,0,0.3081,1.5287,-0.1567,1]},
{"frame":125,"values":[-1,0,0,0,0,-0.4678,0.8838,0,0,0.8838,0.4678,0,0.3081,0.9123,-0.107,1]},
{"frame":126,"values":[-1,0,0,0,0,-0.1544,0.988,0,0,0.988,0.1544,0,0.3081,0.2958,-0.0573,1]},
{"frame":127,"values":[-1,0,0,0,0,-0.0324,0.9995,0,0,0.9995,0.0324,0,0.3081,0.0601,-0.0383,1]},
{"frame":135,"values":[-1,0,0,0,0,-0.0324,0.9995,0,0,0.9995,0.0324,0,0.3081,0.0601,-0.0383,1]},
{"frame":140,"values":[-1,0,0,0,0,-0.0324,0.9995,0,0,0.9995,0.0324,0,0.3081,0.0601,-0.5504,1]},
{"frame":162,"values":[-1,0,0,0,0,-0.0324,0.9995,0,0,0.9995,0.0324,0,0.3081,0.0601,-0.5504,1]},
{"frame":170,"values":[-1,0,0,0,0,-0.0324,0.9995,0,0,0.9995,0.0324,0,0.3081,0.0601,-0.6653,1]},
{"frame":171,"values":[-1,0,0,0,0,-0.0324,0.9995,0,0,0.9995,0.0324,0,0.3081,0.0592,-0.6369,1]},
{"frame":172,"values":[-1,0,0,0,0,-0.0324,0.9995,0,0,0.9995,0.0324,0,0.3081,0.0568,-0.5528,1]},
{"frame":173,"values":[-1,0,0,0,0,-0.0324,0.9995,0,0,0.9995,0.0324,0,0.3081,0.0538,-0.4247,1]},
{"frame":174,"values":[-1,0,0,0,0,-0.0324,0.9995,0,0,0.9995,0.0324,0,0.3081,0.0515,-0.2794,1]},
{"frame":175,"values":[-1,0,0,0,0,-0.0324,0.9995,0,0,0.9995,0.0324,0,0.3081,0.0513,-0.1512,1]},
{"frame":176,"values":[-1,0,0,0,0,-0.0324,0.9995,0,0,0.9995,0.0324,0,0.3081,0.0541,-0.0669,1]},
{"frame":177,"values":[-1,0,0,0,0,-0.0324,0.9995,0,0,0.9995,0.0324,0,0.3081,0.0601,-0.0383,1]},
{"frame":178,"values":[-1,0,0,0,0,-0.2684,0.9633,0,0,0.9633,0.2684,0,0.3081,0.1189,-0.2206,1]},
{"frame":179,"values":[-1,0,0,0,0,-0.8454,0.5342,0,0,0.5342,0.8454,0,0.3081,0.3194,-0.6958,1]},
{"frame":180,"values":[-1,0,0,0,0,-0.9656,-0.2599,0,0,-0.2599,0.9656,0,0.3081,0.678,-1.1659,1]},
{"frame":181,"values":[-1,0,0,0,0,-0.7456,-0.6664,0,0,-0.6664,0.7456,0,0.3081,1.1362,-1.3352,1]},
{"frame":182,"values":[-1,-0.0005,0.0005,0,-0.0001,-0.5119,-0.859,0,0.0007,-0.859,0.5119,0,0.3086,1.8349,-1.1888,1]},
{"frame":183,"values":[-1,-0.0021,0.0013,0,-0.0008,-0.2306,-0.973,0,0.0024,-0.973,0.2306,0,0.3099,2.8204,-0.7886,1]},
{"frame":184,"values":[-1,-0.004,0.0018,0,-0.0019,0.0154,-0.9999,0,0.0039,-0.9999,-0.0154,0,0.3112,3.6415,-0.2728,1]},
{"frame":185,"values":[-1,-0.0048,0.0018,0,-0.0026,0.1713,-0.9852,0,0.0045,-0.9852,-0.1714,0,0.3116,3.9248,0.1654,1]},
{"frame":186,"values":[-1,-0.005,0.0016,0,-0.0027,0.2443,-0.9697,0,0.0044,-0.9697,-0.2443,0,0.3116,3.9081,0.5423,1]},
{"frame":187,"values":[-1,-0.005,0.0015,0,-0.0027,0.2573,-0.9663,0,0.0045,-0.9663,-0.2574,0,0.3116,3.8567,0.9356,1]},
{"frame":188,"values":[-1,-0.005,0.0013,0,-0.0026,0.2709,-0.9626,0,0.0045,-0.9626,-0.2709,0,0.3116,3.7323,1.3141,1]},
{"frame":189,"values":[-1,-0.0051,0.0009,0,-0.0026,0.343,-0.9393,0,0.0045,-0.9393,-0.343,0,0.3116,3.5317,1.6536,1]},
{"frame":190,"values":[-1,-0.0048,-0.0005,0,-0.0026,0.6258,-0.78,0,0.0041,-0.7799,-0.6258,0,0.3116,3.1335,2.0115,1]},
{"frame":191,"values":[-1,-0.0037,-0.0027,0,-0.0025,0.9398,-0.3416,0,0.0038,-0.3416,-0.9398,0,0.3116,2.4596,2.3301,1]},
{"frame":192,"values":[-1,-0.0022,-0.0047,0,-0.0026,0.9961,0.0883,0,0.0045,0.0883,-0.9961,0,0.3116,1.7983,2.43,1]},
{"frame":193,"values":[-1,0.0037,-0.0063,0,-0.0023,0.6535,0.7569,0,0.0069,0.7569,-0.6535,0,0.3108,1.0895,2.3993,1]},
{"frame":194,"values":[-1,-0.0039,0.0015,0,0.002,-0.1549,0.9879,0,-0.0037,0.9879,0.1549,0,0.309,0.3611,2.3094,1]},
{"frame":195,"values":[-1,0,0,0,0,-0.0324,0.9995,0,0,0.9995,0.0324,0,0.3081,0.0601,2.1385,1]},
{"frame":196,"values":[-1,0,0,0,0,-0.0324,0.9995,0,0,0.9995,0.0324,0,0.3081,0.0383,1.7413,1]},
{"frame":197,"values":[-1,0,0,0,0,-0.0324,0.9995,0,0,0.9995,0.0324,0,0.3081,0.0498,1.0388,1]},
{"frame":198,"values":[-1,0,0,0,0,-0.0324,0.9995,0,0,0.9995,0.0324,0,0.3081,0.0601,0.3857,1]},
{"frame":199,"values":[-1,0,0,0,0,-0.0324,0.9995,0,0,0.9995,0.0324,0,0.3081,0.0601,-0.261,1]},
{"frame":200,"values":[-1,0,0,0,0,-0.0324,0.9995,0,0,0.9995,0.0324,0,0.3081,0.0601,-0.5933,1]},
{"frame":210,"values":[-1,0,0,0,0,-0.8437,-0.5368,0,0,-0.5368,0.8437,0,0.3081,1.5776,-1.7529,1]},
{"frame":211,"values":[-1,0,0,0,0,-0.8437,-0.5368,0,0,-0.5368,0.8437,0,0.3081,1.5092,-1.7486,1]},
{"frame":212,"values":[-1,0,0,0,0,-0.8437,-0.5368,0,0,-0.5368,0.8437,0,0.3081,1.3144,-1.7169,1]},
{"frame":213,"values":[-1,0,0,0,0,-0.8437,-0.5368,0,0,-0.5368,0.8437,0,0.3081,1.0588,-1.623,1]},
{"frame":214,"values":[-1,0,0,0,0,-0.8437,-0.5368,0,0,-0.5368,0.8437,0,0.3081,0.8489,-1.4466,1]},
{"frame":215,"values":[-1,0,0,0,0,-0.8437,-0.5368,0,0,-0.5368,0.8437,0,0.3081,0.7547,-1.1962,1]},
{"frame":216,"values":[-1,0,0,0,0,-0.9253,-0.3793,0,0,-0.3793,0.9253,0,0.3081,0.7269,-0.7974,1]},
{"frame":217,"values":[-1,0,0,0,0,-0.9694,0.2455,0,0,0.2455,0.9694,0,0.3081,0.7029,-0.203,1]},
{"frame":218,"values":[-1,0,0,0,0,-0.3217,0.9468,0,0,0.9468,0.3217,0,0.3081,0.682,0.4273,1]},
{"frame":219,"values":[-1,0,0,0,0,0.3296,0.9441,0,0,0.9441,-0.3296,0,0.3081,0.6626,0.8767,1]},
{"frame":220,"values":[-1,0,0,0,0,0.4913,0.871,0,0,0.871,-0.4913,0,0.3081,0.6429,1.0287,1]},
{"frame":221,"values":[-1,0,0,0,0,0.4183,0.9083,0,0,0.9083,-0.4183,0,0.3081,0.5661,1.0231,1]},
{"frame":222,"values":[-1,0,0,0,0,0.2346,0.9721,0,0,0.9721,-0.2346,0,0.3081,0.3929,0.9898,1]},
{"frame":223,"values":[-1,0,0,0,0,0.0421,0.9991,0,0,0.9991,-0.0421,0,0.3081,0.2058,0.9037,1]},
{"frame":224,"values":[-1,0,0,0,0,-0.0324,0.9995,0,0,0.9995,0.0324,0,0.3081,0.0943,0.7646,1]},
{"frame":225,"values":[-1,0,0,0,0,-0.0324,0.9995,0,0,0.9995,0.0324,0,0.3081,0.0485,0.5204,1]},
{"frame":226,"values":[-1,0,0,0,0,-0.0324,0.9995,0,0,0.9995,0.0324,0,0.3081,0.0395,0.116,1]},
{"frame":227,"values":[-1,0,0,0,0,-0.0324,0.9995,0,0,0.9995,0.0324,0,0.3081,0.0539,-0.4043,1]},
{"frame":228,"values":[-1,0,0,0,0,-0.2853,0.9584,0,0,0.9584,0.2853,0,0.3081,0.276,-0.943,1]},
{"frame":229,"values":[-1,0,0,0,0,-0.8843,0.467,0,0,0.467,0.8843,0,0.3081,0.8257,-1.3855,1]},
{"frame":230,"values":[-1,0,0,0,0,-0.9524,-0.3049,0,0,-0.3049,0.9524,0,0.3081,1.37,-1.6619,1]},
{"frame":231,"values":[-1,0,0,0,0,-0.8437,-0.5368,0,0,-0.5368,0.8437,0,0.3081,1.5776,-1.7529,1]},
{"frame":240,"values":[-1,0,0,0,0,-0.8437,-0.5368,0,0,-0.5368,0.8437,0,0.3081,1.5776,-1.7529,1]},
{"frame":241,"values":[-1,0,0,0,0,-0.8437,-0.5368,0,0,-0.5368,0.8437,0,0.3081,1.5059,-1.7478,1]},
{"frame":242,"values":[-1,0,0,0,0,-0.8437,-0.5368,0,0,-0.5368,0.8437,0,0.3081,1.3033,-1.7139,1]},
{"frame":243,"values":[-1,0,0,0,0,-0.8437,-0.5368,0,0,-0.5368,0.8437,0,0.3081,1.0414,-1.6184,1]},
{"frame":244,"values":[-1,0,0,0,0,-0.8437,-0.5368,0,0,-0.5368,0.8437,0,0.3081,0.8342,-1.4427,1]},
{"frame":245,"values":[-1,0,0,0,0,-0.8437,-0.5368,0,0,-0.5368,0.8437,0,0.3081,0.7547,-1.1962,1]},
{"frame":246,"values":[-1,0,0,0,0,-0.9183,-0.3958,0,0,-0.3958,0.9183,0,0.3081,0.7484,-0.8699,1]},
{"frame":247,"values":[-1,0,0,0,0,-0.9892,0.1468,0,0,0.1468,0.9892,0,0.3081,0.7575,-0.4413,1]},
{"frame":248,"values":[-1,0,0,0,0,-0.5226,0.8526,0,0,0.8526,0.5226,0,0.3081,0.8006,0.0541,1]},
{"frame":249,"values":[-1,0,0,0,0,0.1026,0.9947,0,0,0.9947,-0.1026,0,0.3081,0.8881,0.546,1]},
{"frame":250,"values":[-1,0,0,0,0,0.3233,0.9463,0,0,0.9463,-0.3233,0,0.3081,1.015,0.9801,1]},
{"frame":251,"values":[-1,0,0,0,0,0.3639,0.9314,0,0,0.9314,-0.3639,0,0.3081,1.2903,1.4562,1]},
{"frame":252,"values":[-1,0,0,0,0,0.3992,0.9169,0,0,0.9169,-0.3992,0,0.3081,1.482,1.6995,1]},
{"frame":253,"values":[-1,0,0,0,0,0.4289,0.9034,0,0,0.9034,-0.4289,0,0.3081,1.4719,1.6887,1]},
{"frame":254,"values":[-1,0,0,0,0,0.4529,0.8916,0,0,0.8916,-0.4529,0,0.3081,1.439,1.6548,1]},
{"frame":255,"values":[-1,0,0,0,0,0.4712,0.882,0,0,0.882,-0.4712,0,0.3081,1.3806,1.5971,1]},
{"frame":256,"values":[-1,0,0,0,0,0.4841,0.875,0,0,0.875,-0.484,0,0.3081,1.2959,1.5176,1]},
{"frame":257,"values":[-1,0,0,0,0,0.492,0.8706,0,0,0.8706,-0.492,0,0.3081,1.1875,1.4217,1]},
{"frame":258,"values":[-1,0,0,0,0,0.4957,0.8685,0,0,0.8685,-0.4957,0,0.3081,1.0609,1.3176,1]},
{"frame":259,"values":[-1,0,0,0,0,0.4963,0.8682,0,0,0.8682,-0.4963,0,0.3081,0.9237,1.2135,1]},
{"frame":260,"values":[-1,0,0,0,0,0.4945,0.8692,0,0,0.8692,-0.4945,0,0.3081,0.7827,1.1159,1]},
{"frame":261,"values":[-1,0,0,0,0,0.4913,0.871,0,0,0.871,-0.4913,0,0.3081,0.6429,1.0287,1]},
{"frame":262,"values":[-1,0,0,0,0,0.3715,0.9284,0,0,0.9284,-0.3715,0,0.3081,0.4533,0.9746,1]},
{"frame":263,"values":[-1,0,0,0,0,0.0984,0.9951,0,0,0.9951,-0.0984,0,0.3081,0.2242,0.9189,1]},
{"frame":264,"values":[-1,0,0,0,0,-0.0324,0.9995,0,0,0.9995,0.0324,0,0.3081,0.0943,0.7646,1]},
{"frame":265,"values":[-1,0,0,0,0,-0.0324,0.9995,0,0,0.9995,0.0324,0,0.3081,0.051,0.4436,1]},
{"frame":266,"values":[-1,0,0,0,0,-0.0324,0.9995,0,0,0.9995,0.0324,0,0.3081,0.0458,-0.0754,1]},
{"frame":267,"values":[-1,0,0,0,0,-0.0324,0.9995,0,0,0.9995,0.0324,0,0.3081,0.0636,-0.704,1]},
{"frame":268,"values":[-1,0,0,0,0,-0.4808,0.8768,0,0,0.8768,0.4808,0,0.3081,0.4395,-1.273,1]},
{"frame":269,"values":[-1,0,0,0,0,-0.9952,-0.0974,0,0,-0.0974,0.9952,0,0.3081,1.2163,-1.6349,1]},
{"frame":270,"values":[-1,0,0,0,0,-0.8437,-0.5368,0,0,-0.5368,0.8437,0,0.3081,1.5776,-1.7529,1]},
{"frame":280,"values":[-1,0,0,0,0,-0.0324,0.9995,0,0,0.9995,0.0324,0,0.3081,0.0601,-0.0383,1]},
{"frame":480,"values":[-1,0,0,0,0,-0.0324,0.9995,0,0,0.9995,0.0324,0,0.3081,0.0601,-0.0383,1]},
{"frame":490,"values":[-1,0,0,0,0,-0.0324,0.9995,0,0,0.9995,0.0324,0,0.3081,0.0601,-0.0383,1]},
{"frame":510,"values":[-1,0,0,0,0,-0.0324,0.9995,0,0,0.9995,0.0324,0,0.3081,0.0601,-0.0383,1]},
{"frame":520,"values":[-1,0,0,0,0,-0.0324,0.9995,0,0,0.9995,0.0324,0,0.8467,0.0601,-0.0383,1]},
{"frame":545,"values":[-1,0,0,0,0,-0.0324,0.9995,0,0,0.9995,0.0324,0,0.8467,0.0601,-0.0383,1]},
{"frame":550,"values":[-0.9839,-0.1674,0.0621,0,0.1637,-0.7071,0.6879,0,-0.0713,0.687,0.7231,0,0.176,0.4534,-0.4065,1]},
{"frame":551,"values":[-0.9836,-0.147,0.1045,0,0.1646,-0.4948,0.8533,0,-0.0737,0.8565,0.5109,0,0.176,0.3998,-0.0921,1]},
{"frame":552,"values":[-0.983,-0.1098,0.1473,0,0.1653,-0.1786,0.9699,0,-0.0802,0.9778,0.1937,0,0.176,0.3446,0.2829,1]},
{"frame":553,"values":[-0.9828,-0.0622,0.1739,0,0.1639,0.1409,0.9764,0,-0.0852,0.9881,-0.1283,0,0.176,0.29,0.636,1]},
{"frame":554,"values":[-0.9832,-0.023,0.181,0,0.1627,0.3391,0.9266,0,-0.0827,0.9405,-0.3296,0,0.176,0.2385,0.8706,1]},
{"frame":555,"values":[-0.9839,-0.0007,0.1786,0,0.1637,0.3954,0.9038,0,-0.0713,0.9185,-0.3889,0,0.176,0.1914,0.9461,1]},
{"frame":556,"values":[-0.9909,-0.0001,0.1344,0,0.1285,0.2943,0.947,0,-0.0397,0.9557,-0.2916,0,0.178,0.1388,0.9126,1]},
{"frame":557,"values":[-0.9991,-0.0037,0.0427,0,0.0423,0.0727,0.9965,0,-0.0068,0.9973,-0.0725,0,0.1838,0.0863,0.8093,1]},
{"frame":558,"values":[-1,0,0,0,0,-0.0324,0.9995,0,0,0.9995,0.0324,0,0.1922,0.0601,0.6733,1]},
{"frame":559,"values":[-1,0,0,0,0,-0.0324,0.9995,0,0,0.9995,0.0324,0,0.2005,0.0546,0.5166,1]},
{"frame":560,"values":[-1,0,0,0,0,-0.0324,0.9995,0,0,0.9995,0.0324,0,0.2063,0.0575,0.324,1]},
{"frame":561,"values":[-1,0,0,0,0,-0.0324,0.9995,0,0,0.9995,0.0324,0,0.2083,0.0601,0.1308,1]},
{"frame":562,"values":[-1,0,0,0,0,-0.0324,0.9995,0,0,0.9995,0.0324,0,0.2083,0.0589,-0.0518,1]},
{"frame":563,"values":[-1,0,0,0,0,-0.0324,0.9995,0,0,0.9995,0.0324,0,0.2083,0.0564,-0.2346,1]},
{"frame":564,"values":[-1,0,0,0,0,-0.0324,0.9995,0,0,0.9995,0.0324,0,0.2083,0.056,-0.4211,1]},
{"frame":565,"values":[-1,0,0,0,0,-0.0324,0.9995,0,0,0.9995,0.0324,0,0.2083,0.0601,-0.6132,1]},
{"frame":566,"values":[-1,-0.004,0.0054,0,0.0058,-0.0948,0.9955,0,-0.0034,0.9955,0.0948,0,0.2083,0.1027,-0.8577,1]},
{"frame":567,"values":[-0.9997,-0.0184,0.0169,0,0.0213,-0.275,0.9612,0,-0.013,0.9613,0.2753,0,0.2083,0.2053,-1.1131,1]},
{"frame":568,"values":[-0.999,-0.0391,0.0211,0,0.0373,-0.4773,0.878,0,-0.0242,0.8779,0.4783,0,0.2083,0.3058,-1.2163,1]},
{"frame":569,"values":[-0.9979,-0.0641,0.0099,0,0.0529,-0.7164,0.6957,0,-0.0375,0.6948,0.7183,0,0.2075,0.4125,-1.2229,1]},
{"frame":570,"values":[-0.996,-0.0876,-0.0162,0,0.074,-0.9151,0.3963,0,-0.0495,0.3935,0.918,0,0.2047,0.5267,-1.2233,1]},
{"frame":571,"values":[-0.994,-0.1047,-0.0307,0,0.0931,-0.9607,0.2616,0,-0.0569,0.2572,0.9647,0,0.2005,0.5706,-1.2224,1]},
{"frame":572,"values":[-0.9921,-0.1232,-0.0252,0,0.1098,-0.9461,0.3048,0,-0.0614,0.2996,0.9521,0,0.1955,0.5602,-1.1496,1]},
{"frame":573,"values":[-0.9898,-0.1425,-0.002,0,0.128,-0.8947,0.4279,0,-0.0627,0.4233,0.9038,0,0.1893,0.5292,-0.9339,1]},
{"frame":574,"values":[-0.987,-0.1573,0.0317,0,0.1467,-0.8039,0.5765,0,-0.0652,0.5736,0.8165,0,0.1825,0.4885,-0.6505,1]},
{"frame":575,"values":[-0.9839,-0.1674,0.0621,0,0.1637,-0.7071,0.6879,0,-0.0713,0.687,0.7231,0,0.176,0.4534,-0.4065,1]},
{"frame":580,"values":[-1,0,0,0,0,-0.0324,0.9995,0,0,0.9995,0.0324,0,0.3081,0.0601,-0.0383,1]},
{"frame":581,"values":[-1,0,0.0064,0,0.0063,-0.0324,0.9995,0,0.0002,0.9995,0.0324,0,0.3103,0.0601,-0.04,1]}],"loopBehavior":1,"name":"anim","property":"_matrix"}},
{"name":"Body","index":2,"matrix":[1,0,0,0,0,1,0,0,0,0,1,0,0.0052,2.1271,0.2124,1],"rest":[1,0,0,0,0,1,0,0,0,0,1,0,0.0052,2.1271,0.2124,1],"parentBoneIndex":0,"length":0.3109
,"animation":{"dataType":3,"framePerSecond":24,"keys":[
{"frame":0,"values":[1,0,-0.0073,0,-0.0001,1,-0.001,0,0.0073,0.001,1,0,0.0001,2.08,0.2855,1]},
{"frame":1,"values":[0.9997,0,-0.0251,0,-0.0002,1,-0.0088,0,0.0251,0.0088,0.9996,0,0.0001,2.0728,0.2861,1]},
{"frame":2,"values":[0.9995,-0.0004,-0.0303,0,-0.0003,0.9997,-0.0248,0,0.0303,0.0248,0.9992,0,0.0001,2.0537,0.2883,1]},
{"frame":3,"values":[0.9996,-0.0009,-0.0288,0,-0.0004,0.999,-0.0442,0,0.0288,0.0442,0.9986,0,0.0001,2.0267,0.2919,1]},
{"frame":4,"values":[0.9997,-0.0012,-0.0246,0,-0.0003,0.9981,-0.0618,0,0.0247,0.0618,0.9978,0,0.0001,1.9998,0.2958,1]},
{"frame":5,"values":[0.9998,-0.0013,-0.0206,0,-0.0002,0.9973,-0.0739,0,0.0206,0.0739,0.9971,0,0.0001,1.9811,0.2985,1]},
{"frame":6,"values":[0.9998,-0.0013,-0.0189,0,-0.0001,0.9969,-0.0782,0,0.0189,0.0782,0.9968,0,0.0001,1.9748,0.2994,1]},
{"frame":32,"values":[0.9998,-0.0013,-0.0173,0,-0.0001,0.9971,-0.0762,0,0.0173,0.0762,0.9969,0,0.0001,1.9776,0.299,1]},
{"frame":33,"values":[0.9999,-0.001,-0.0132,0,0.0001,0.9975,-0.0705,0,0.0132,0.0705,0.9974,0,0.0001,1.9857,0.298,1]},
{"frame":34,"values":[1,-0.0007,-0.0073,0,0.0003,0.9981,-0.062,0,0.0074,0.062,0.9981,0,0.0001,1.9983,0.2964,1]},
{"frame":35,"values":[1,-0.0005,-0.0007,0,0.0004,0.9987,-0.0513,0,0.0007,0.0513,0.9987,0,0.0001,2.0143,0.2943,1]},
{"frame":36,"values":[1,-0.0003,0.0059,0,0.0005,0.9992,-0.0391,0,-0.0059,0.0391,0.9992,0,0.0001,2.0322,0.2919,1]},
{"frame":37,"values":[0.9999,-0.0001,0.0111,0,0.0004,0.9997,-0.0263,0,-0.0111,0.0263,0.9996,0,0.0001,2.05,0.2896,1]},
{"frame":38,"values":[0.9999,-0.0001,0.0131,0,0.0003,0.9999,-0.0142,0,-0.0131,0.0142,0.9998,0,0.0001,2.0656,0.2875,1]},
{"frame":39,"values":[1,0,0.0091,0,0.0001,1,-0.0044,0,-0.0091,0.0044,0.9999,0,0.0001,2.0764,0.286,1]},
{"frame":40,"values":[1,0,-0.0073,0,-0.0001,1,-0.001,0,0.0073,0.001,1,0,0.0001,2.08,0.2855,1]},
{"frame":50,"values":[1,0,-0.0073,0,-0.0001,1,-0.001,0,0.0073,0.001,1,0,0.0001,2.08,0.2855,1]},
{"frame":51,"values":[0.9996,-0.0004,-0.0276,0,0,0.9999,-0.0143,0,0.0276,0.0143,0.9995,0,0.0001,2.0795,0.2855,1]},
{"frame":52,"values":[0.9993,-0.0022,-0.0361,0,0.0003,0.9986,-0.0531,0,0.0362,0.053,0.9979,0,0.0001,2.0802,0.2855,1]},
{"frame":53,"values":[0.9991,-0.0047,-0.0429,0,0.0004,0.9951,-0.0993,0,0.0431,0.0992,0.9941,0,0.0001,2.0806,0.2855,1]},
{"frame":54,"values":[0.9982,-0.0066,-0.0601,0,-0.0004,0.9932,-0.1163,0,0.0605,0.1161,0.9914,0,0.0001,2.08,0.2855,1]},
{"frame":55,"values":[0.9948,0.0352,-0.096,0,-0.0428,0.996,-0.0787,0,0.0929,0.0824,0.9923,0,0.0151,2.0623,0.2931,1]},
{"frame":56,"values":[0.9822,0.1296,-0.1364,0,-0.1278,0.9916,0.0214,0,0.138,-0.0036,0.9904,0,0.0829,1.9766,0.3338,1]},
{"frame":57,"values":[0.9719,0.1776,-0.1546,0,-0.1613,0.9805,0.1121,0,0.1715,-0.084,0.9816,0,0.1551,1.8415,0.4211,1]},
{"frame":58,"values":[0.9698,0.1823,-0.1617,0,-0.1522,0.9714,0.1822,0,0.1903,-0.1521,0.9699,0,0.1517,1.7496,0.5004,1]},
{"frame":59,"values":[0.9685,0.1853,-0.1663,0,-0.1386,0.9561,0.258,0,0.2068,-0.2269,0.9517,0,0.1414,1.6516,0.6007,1]},
{"frame":60,"values":[0.968,0.1857,-0.1686,0,-0.1206,0.934,0.3362,0,0.2199,-0.3051,0.9266,0,0.1245,1.5481,0.7189,1]},
{"frame":61,"values":[0.9685,0.1828,-0.1692,0,-0.099,0.9058,0.412,0,0.2286,-0.3823,0.8953,0,0.1025,1.4409,0.8484,1]},
{"frame":62,"values":[0.9697,0.1762,-0.1691,0,-0.075,0.8738,0.4805,0,0.2324,-0.4533,0.8605,0,0.0776,1.3324,0.9798,1]},
{"frame":63,"values":[0.9715,0.166,-0.1694,0,-0.0502,0.8419,0.5373,0,0.2318,-0.5135,0.8262,0,0.0527,1.2258,1.1016,1]},
{"frame":64,"values":[0.9734,0.1527,-0.1708,0,-0.026,0.8142,0.58,0,0.2276,-0.5602,0.7965,0,0.0307,1.1239,1.2036,1]},
{"frame":65,"values":[0.9752,0.1372,-0.1737,0,-0.0033,0.7937,0.6083,0,0.2213,-0.5926,0.7745,0,0.0139,1.0289,1.2786,1]},
{"frame":66,"values":[0.9766,0.12,-0.1782,0,0.0176,0.782,0.623,0,0.2141,-0.6116,0.7616,0,0.0035,0.9417,1.3235,1]},
{"frame":67,"values":[0.9776,0.1017,-0.184,0,0.0367,0.7792,0.6257,0,0.207,-0.6184,0.7581,0,0.0001,0.8626,1.338,1]},
{"frame":68,"values":[0.9781,0.0777,-0.1932,0,0.056,0.7955,0.6034,0,0.2006,-0.601,0.7737,0,0.0016,0.8043,1.338,1]},
{"frame":69,"values":[0.9781,0.0436,-0.2037,0,0.0793,0.8262,0.5578,0,0.1926,-0.5617,0.8046,0,0.0031,0.7572,1.338,1]},
{"frame":70,"values":[0.9713,0.0105,-0.2378,0,0.1102,0.8655,0.4887,0,0.2109,-0.5008,0.8395,0,-0.0209,0.6973,1.3724,1]},
{"frame":71,"values":[0.9717,0.0132,-0.236,0,0.1072,0.8652,0.4897,0,0.2107,-0.5012,0.8393,0,-0.0138,0.6993,1.3699,1]},
{"frame":72,"values":[0.9724,0.0199,-0.2324,0,0.1005,0.8633,0.4945,0,0.2105,-0.5043,0.8375,0,-0.0035,0.704,1.364,1]},
{"frame":73,"values":[0.9735,0.0287,-0.2269,0,0.0924,0.8582,0.505,0,0.2092,-0.5126,0.8328,0,0.0078,0.7098,1.3568,1]},
{"frame":74,"values":[0.9749,0.0382,-0.2194,0,0.0844,0.8484,0.5225,0,0.2061,-0.5279,0.8239,0,0.0184,0.7155,1.3496,1]},
{"frame":75,"values":[0.9766,0.0471,-0.2099,0,0.0776,0.8328,0.548,0,0.2006,-0.5515,0.8097,0,0.0269,0.7203,1.3436,1]},
{"frame":76,"values":[0.9787,0.0544,-0.1981,0,0.0729,0.8097,0.5823,0,0.1921,-0.5843,0.7884,0,0.0326,0.7236,1.3395,1]},
{"frame":77,"values":[0.9811,0.0591,-0.184,0,0.0706,0.7769,0.6257,0,0.1799,-0.6269,0.7581,0,0.0346,0.7247,1.338,1]},
{"frame":78,"values":[0.9844,0.0623,-0.1646,0,0.0701,0.7193,0.6911,0,0.1614,-0.6919,0.7037,0,0.0333,0.7018,1.3608,1]},
{"frame":79,"values":[0.9885,0.0639,-0.1373,0,0.0687,0.6191,0.7823,0,0.135,-0.7827,0.6076,0,0.0299,0.6383,1.4248,1]},
{"frame":80,"values":[0.9928,0.0604,-0.1037,0,0.063,0.473,0.8788,0,0.1022,-0.879,0.4658,0,0.0247,0.5438,1.5218,1]},
{"frame":81,"values":[0.9965,0.0495,-0.0678,0,0.0506,0.2904,0.9556,0,0.067,-0.9556,0.2869,0,0.0186,0.4312,1.6411,1]},
{"frame":82,"values":[0.9989,0.0318,-0.0354,0,0.0321,0.1005,0.9944,0,0.0351,-0.9944,0.0994,0,0.0124,0.3174,1.7683,1]},
{"frame":83,"values":[0.9999,0.0125,-0.0118,0,0.0125,-0.0538,0.9985,0,0.0118,-0.9985,-0.054,0,0.0074,0.2253,1.8838,1]},
{"frame":84,"values":[1,0,0,0,0,-0.1266,0.992,0,0,-0.992,-0.1266,0,0.0052,0.1858,1.961,1]},
{"frame":85,"values":[1,-0.0038,0.0003,0,-0.0008,-0.1318,0.9913,0,-0.0037,-0.9913,-0.1318,0,0.0054,0.1993,1.9793,1]},
{"frame":86,"values":[1,-0.0019,0.0002,0,-0.0004,-0.1292,0.9916,0,-0.0019,-0.9916,-0.1292,0,0.0053,0.1926,2.0304,1]},
{"frame":87,"values":[1,0,0,0,0,-0.1266,0.992,0,0,-0.992,-0.1266,0,0.0052,0.1858,2.0814,1]},
{"frame":100,"values":[1,0,0,0,0,-0.1266,0.992,0,0,-0.992,-0.1266,0,0.0052,0.1858,2.0814,1]},
{"frame":110,"values":[1,0,-0.0073,0,-0.0001,1,-0.001,0,0.0073,0.001,1,0,0.0001,2.08,0.2855,1]},
{"frame":111,"values":[0.9993,0.0031,-0.0359,0,-0.0018,0.9994,0.0359,0,0.036,-0.0358,0.9987,0,0.0001,2.0455,0.2662,1]},
{"frame":112,"values":[0.9978,0.0136,-0.0647,0,-0.0041,0.9895,0.1445,0,0.066,-0.144,0.9874,0,0.0001,1.934,0.1964,1]},
{"frame":113,"values":[0.9958,0.0298,-0.0868,0,-0.0041,0.9592,0.2828,0,0.0917,-0.2813,0.9552,0,0.0001,1.7626,0.0688,1]},
{"frame":114,"values":[0.9941,0.0437,-0.0989,0,-0.0021,0.9223,0.3865,0,0.1081,-0.3841,0.917,0,0.0001,1.6187,-0.0505,1]},
{"frame":115,"values":[0.9935,0.0489,-0.1025,0,-0.0011,0.9065,0.4221,0,0.1135,-0.4193,0.9007,0,0.0001,1.5703,-0.0889,1]},
{"frame":116,"values":[0.9952,0.0396,-0.0898,0,-0.0039,0.9301,0.3672,0,0.0981,-0.3651,0.9258,0,0.0008,1.8015,-0.0382,1]},
{"frame":117,"values":[0.9984,0.0189,-0.054,0,-0.0068,0.9763,0.2164,0,0.0568,-0.2157,0.9748,0,0.0027,2.4065,0.0946,1]},
{"frame":118,"values":[0.9999,0.004,-0.0153,0,-0.0031,0.9982,0.0601,0,0.0155,-0.06,0.9981,0,0.0045,3.0114,0.2279,1]},
{"frame":119,"values":[1,0,0,0,0,1,0,0,0,0,1,0,0.0052,3.2427,0.2798,1]},
{"frame":120,"values":[1,0,0.0009,0,0,1,-0.0002,0,-0.0009,0.0002,1,0,0.0051,3.2419,0.2811,1]},
{"frame":121,"values":[1,0,0.0032,0,0,1,-0.0001,0,-0.0032,0.0001,1,0,0.0048,3.2354,0.2823,1]},
{"frame":122,"values":[1,0,0.0064,0,0,1,0,0,-0.0064,0,1,0,0.0043,3.2166,0.2832,1]},
{"frame":123,"values":[0.9999,0,0.0101,0,0,1,0.0003,0,-0.0101,-0.0003,0.9999,0,0.0037,3.1846,0.284,1]},
{"frame":124,"values":[0.9999,-0.0001,0.0136,0,0,1,0.0006,0,-0.0136,-0.0006,0.9999,0,0.003,3.0843,0.2846,1]},
{"frame":125,"values":[0.9999,-0.0001,0.0165,0,0.0001,1,0.0008,0,-0.0165,-0.0008,0.9999,0,0.0022,2.8572,0.285,1]},
{"frame":126,"values":[0.9998,-0.0001,0.0179,0,0.0001,1,0.001,0,-0.0179,-0.001,0.9998,0,0.0015,2.5561,0.2852,1]},
{"frame":127,"values":[0.9999,-0.0001,0.0164,0,0,1,0.0009,0,-0.0164,-0.0009,0.9999,0,0.0008,2.2904,0.2854,1]},
{"frame":128,"values":[1,0,0.0099,0,0,1,0.0004,0,-0.0099,-0.0004,1,0,0.0003,2.13,0.2855,1]},
{"frame":129,"values":[1,0,-0.0073,0,-0.0001,1,-0.001,0,0.0073,0.001,1,0,0.0001,2.08,0.2855,1]},
{"frame":130,"values":[0.9998,0.0001,-0.0192,0,-0.0001,1,-0.0023,0,0.0192,0.0023,0.9998,0,0.0009,2.0684,0.2879,1]},
{"frame":131,"values":[0.9999,0.0001,-0.014,0,-0.0001,1,-0.002,0,0.014,0.002,0.9999,0,0.0042,2.0296,0.2977,1]},
{"frame":132,"values":[1,0,-0.0031,0,-0.0001,1,-0.001,0,0.0031,0.001,1,0,0.0034,2.0404,0.2952,1]},
{"frame":133,"values":[1,0,0.0064,0,0,1,-0.0001,0,-0.0064,0.0001,1,0,0.0014,2.0652,0.2893,1]},
{"frame":134,"values":[1,0,0.0077,0,0,1,0.0002,0,-0.0077,-0.0002,1,0,0.0004,2.0776,0.2862,1]},
{"frame":135,"values":[1,0,-0.0073,0,-0.0001,1,-0.001,0,0.0073,0.001,1,0,0.0001,2.08,0.2855,1]},
{"frame":140,"values":[0.8947,0.0068,-0.4465,0,-0.006,1,0.003,0,0.4466,0,0.8948,0,0.0266,1.9304,0.308,1]},
{"frame":141,"values":[0.8811,0.0097,-0.4729,0,-0.0072,0.9999,0.0071,0,0.4729,-0.0029,0.8811,0,0.0266,1.9194,0.3037,1]},
{"frame":142,"values":[0.8653,0.0194,-0.5009,0,-0.0092,0.9997,0.0227,0,0.5012,-0.015,0.8652,0,0.0266,1.8853,0.2882,1]},
{"frame":143,"values":[0.8512,0.0329,-0.5238,0,-0.0118,0.999,0.0436,0,0.5247,-0.0309,0.8507,0,0.0266,1.8334,0.2599,1]},
{"frame":144,"values":[0.8423,0.045,-0.5371,0,-0.0149,0.9981,0.0604,0,0.5388,-0.0429,0.8413,0,0.0266,1.79,0.2334,1]},
{"frame":145,"values":[0.8404,0.0517,-0.5395,0,-0.0185,0.9976,0.0668,0,0.5416,-0.0462,0.8393,0,0.0266,1.7755,0.2249,1]},
{"frame":146,"values":[0.8902,0.0518,-0.4526,0,-0.0256,0.9976,0.0638,0,0.4549,-0.0452,0.8894,0,0.0239,1.7772,0.2872,1]},
{"frame":147,"values":[0.9306,0.0499,-0.3628,0,-0.0302,0.9978,0.0598,0,0.3649,-0.0447,0.93,0,0.0213,1.7819,0.4093,1]},
{"frame":148,"values":[0.8573,0.0513,-0.5122,0,-0.0223,0.9978,0.0626,0,0.5143,-0.0423,0.8566,0,0.0304,1.7896,0.5435,1]},
{"frame":149,"values":[0.6194,0.0512,-0.7834,0,-0.0026,0.998,0.0632,0,0.785,-0.0371,0.6183,0,0.0498,1.7991,0.6889,1]},
{"frame":150,"values":[0.4804,0.0463,-0.8759,0,0.0106,0.9982,0.0585,0,0.877,-0.0374,0.479,0,0.0589,1.8029,0.745,1]},
{"frame":151,"values":[0.4868,0.0333,-0.8729,0,0.0148,0.9988,0.0464,0,0.8734,-0.0355,0.4857,0,0.0585,1.7933,0.7445,1]},
{"frame":152,"values":[0.509,0.014,-0.8607,0,0.0145,0.9996,0.0248,0,0.8606,-0.0251,0.5086,0,0.0572,1.7727,0.7399,1]},
{"frame":153,"values":[0.5418,0.0041,-0.8405,0,0.0122,0.9998,0.0128,0,0.8404,-0.0172,0.5416,0,0.0551,1.763,0.7287,1]},
{"frame":154,"values":[0.5816,0.0022,-0.8135,0,0.0099,0.9999,0.0098,0,0.8134,-0.0138,0.5815,0,0.0525,1.7675,0.706,1]},
{"frame":155,"values":[0.6297,0.0012,-0.7769,0,0.0077,0.9999,0.0077,0,0.7768,-0.0108,0.6296,0,0.0492,1.7803,0.6672,1]},
{"frame":156,"values":[0.6824,0.001,-0.731,0,0.0055,1,0.0064,0,0.731,-0.0084,0.6823,0,0.0454,1.8002,0.6149,1]},
{"frame":157,"values":[0.736,0.0014,-0.677,0,0.0033,1,0.0056,0,0.677,-0.0063,0.736,0,0.0413,1.8255,0.5529,1]},
{"frame":158,"values":[0.787,0.0024,-0.6169,0,0.0011,1,0.0052,0,0.6169,-0.0048,0.787,0,0.037,1.8537,0.486,1]},
{"frame":159,"values":[0.832,0.0037,-0.5548,0,-0.0011,1,0.005,0,0.5548,-0.0036,0.832,0,0.0331,1.882,0.4205,1]},
{"frame":160,"values":[0.8678,0.0052,-0.497,0,-0.0032,1,0.0048,0,0.497,-0.0026,0.8678,0,0.0298,1.9069,0.3636,1]},
{"frame":161,"values":[0.891,0.0064,-0.4539,0,-0.0049,1,0.0044,0,0.454,-0.0016,0.891,0,0.0275,1.9244,0.3233,1]},
{"frame":162,"values":[0.8947,0.0068,-0.4465,0,-0.006,1,0.003,0,0.4466,0,0.8948,0,0.0266,1.9304,0.308,1]},
{"frame":170,"values":[1,0,0,0,0,1,0,0,0,0,1,0,0.0052,1.9333,0.3356,1]},
{"frame":171,"values":[1,0,0,0,0,1,0.0062,0,0,-0.0062,1,0,0.0052,1.9044,0.2792,1]},
{"frame":172,"values":[1,0,0,0,0,0.9996,0.0286,0,0,-0.0286,0.9996,0,0.0052,1.823,0.1201,1]},
{"frame":173,"values":[1,0,0,0,0,0.9975,0.0706,0,0,-0.0706,0.9975,0,0.0052,1.7184,-0.0842,1]},
{"frame":174,"values":[1,0,0,0,0,0.9917,0.129,0,0,-0.129,0.9917,0,0.0052,1.6369,-0.2432,1]},
{"frame":175,"values":[1,0,0,0,0,0.9806,0.196,0,0,-0.196,0.9806,0,0.0052,1.608,-0.2997,1]},
{"frame":176,"values":[1,0,0,0,0,0.9634,0.2681,0,0,-0.2681,0.9634,0,0.0052,1.632,-0.2877,1]},
{"frame":177,"values":[1,0,0,0,0,0.9374,0.3482,0,0,-0.3482,0.9374,0,0.0052,1.7019,-0.2461,1]},
{"frame":178,"values":[1,0,0,0,0,0.8991,0.4378,0,0,-0.4378,0.8991,0,0.0052,1.8024,-0.1683,1]},
{"frame":179,"values":[1,0,0,0,0,0.8444,0.5357,0,0,-0.5357,0.8444,0,0.0052,1.9029,-0.0558,1]},
{"frame":180,"values":[1,0,0,0,0,0.771,0.6368,0,0,-0.6368,0.771,0,0.0052,1.9728,0.0814,1]},
{"frame":181,"values":[1,0,0,0,0,0.6785,0.7346,0,0,-0.7346,0.6785,0,0.0052,1.9968,0.231,1]},
{"frame":182,"values":[1,0,0,0,0,0.5622,0.827,0,0,-0.827,0.5622,0,0.0052,1.9841,0.4489,1]},
{"frame":183,"values":[1,0,0,0,0,0.4133,0.9106,0,0,-0.9106,0.4133,0,0.0052,1.9455,0.7536,1]},
{"frame":184,"values":[1,0,0,0,0,0.2341,0.9722,0,0,-0.9722,0.2341,0,0.0052,1.8928,1.0076,1]},
{"frame":185,"values":[1,0,0,0,0,0.0359,0.9994,0,0,-0.9994,0.0359,0,0.0052,1.8443,1.0975,1]},
{"frame":186,"values":[1,0,0,0,0,-0.1763,0.9843,0,0,-0.9843,-0.1763,0,0.0052,1.8144,1.0791,1]},
{"frame":187,"values":[1,0,0,0,0,-0.393,0.9195,0,0,-0.9195,-0.393,0,0.0052,1.7957,1.0294,1]},
{"frame":188,"values":[1,0,0,0,0,-0.6042,0.7968,0,0,-0.7968,-0.6042,0,0.0052,1.751,0.9748,1]},
{"frame":189,"values":[1,0,0,0,0,-0.804,0.5946,0,0,-0.5946,-0.804,0,0.0052,1.6556,0.9444,1]},
{"frame":190,"values":[1,0,0,0,0,-0.9767,0.2146,0,0,-0.2146,-0.9767,0,0.0052,1.4462,0.9329,1]},
{"frame":191,"values":[1,0,0,0,0,-0.9443,-0.329,0,0,0.329,-0.9443,0,0.0052,1.1658,0.9281,1]},
{"frame":192,"values":[1,0,0,0,0,-0.7193,-0.6947,0,0,0.6947,-0.7193,0,0.0052,1.0488,0.9276,1]},
{"frame":193,"values":[1,0,0,0,0,-0.4784,-0.8781,0,0,0.8781,-0.4784,0,0.0052,1.1814,0.9474,1]},
{"frame":194,"values":[1,0,0,0,0,-0.2289,-0.9734,0,0,0.9734,-0.2289,0,0.0052,1.4914,0.9898,1]},
{"frame":195,"values":[1,0,0,0,0,0.0363,-0.9993,0,0,0.9993,0.0363,0,0.0052,1.7047,1.0096,1]},
{"frame":196,"values":[1,0,0,0,0,0.3498,-0.9368,0,0,0.9368,0.3498,0,0.0052,1.7986,0.9572,1]},
{"frame":197,"values":[1,0,0,0,0,0.6918,-0.7221,0,0,0.7221,0.6918,0,0.0052,1.864,0.8097,1]},
{"frame":198,"values":[1,0,0,0,0,0.918,-0.3966,0,0,0.3966,0.918,0,0.0052,1.8982,0.6204,1]},
{"frame":199,"values":[1,0,0,0,0,0.9899,-0.142,0,0,0.142,0.9899,0,0.0052,1.9092,0.4729,1]},
{"frame":200,"values":[1,0,0,0,0,0.9984,-0.0567,0,0,0.0567,0.9984,0,0.0052,1.9105,0.4206,1]},
{"frame":210,"values":[1,0,0,0,0,1,0,0,0,0,1,0,0.0052,2.1175,0.2098,1]},
{"frame":213,"values":[1,0,0,0,0,1,0,0,0,0,1,0,0.0052,1.9821,0.1728,1]},
{"frame":214,"values":[1,0,0,0,0,1,0,0,0,0,1,0,0.0052,1.8512,0.1372,1]},
{"frame":215,"values":[1,0,0,0,0,1,0,0,0,0,1,0,0.0052,1.7919,0.121,1]},
{"frame":217,"values":[1,0,0,0,0,1,0,0,0,0,1,0,0.0052,1.9246,0.1572,1]},
{"frame":218,"values":[1,0,0,0,0,1,0,0,0,0,1,0,0.0052,2.0819,0.2001,1]},
{"frame":219,"values":[1,0,0,0,0,1,0,0,0,0,1,0,0.0052,2.1175,0.2098,1]},
{"frame":222,"values":[1,0,0,0,0,1,0,0,0,0,1,0,0.0052,2.0734,0.1706,1]},
{"frame":223,"values":[1,0,0,0,0,1,0,0,0,0,1,0,0.0052,1.9559,0.1292,1]},
{"frame":224,"values":[1,0,0,0,0,1,0,0,0,0,1,0,0.0052,1.8372,0.1199,1]},
{"frame":225,"values":[1,0,0,0,0,1,0,0,0,0,1,0,0.0052,1.7919,0.12,1]},
{"frame":226,"values":[1,0,0,0,0,1,0,0,0,0,1,0,0.0052,1.7919,0.16,1]},
{"frame":227,"values":[1,0,0,0,0,1,0,0,0,0,1,0,0.0052,1.9443,0.1986,1]},
{"frame":228,"values":[1,0,0,0,0,1,0,0,0,0,1,0,0.0052,2.1175,0.2098,1]},
{"frame":229,"values":[1,0,0,0,0,1,0,0,0,0,1,0,0.0052,2.1175,0.209,1]},
{"frame":230,"values":[1,0,0,0,0,1,0,0,0,0,1,0,0.0052,2.1175,0.2076,1]},
{"frame":231,"values":[1,0,0,0,0,1,0,0,0,0,1,0,0.0052,2.1175,0.2098,1]},
{"frame":240,"values":[1,0,0,0,0,1,0,0,0,0,1,0,0.0052,2.1175,0.2098,1]},
{"frame":243,"values":[1,0,0,0,0,1,0,0,0,0,1,0,0.0052,2.0086,0.202,1]},
{"frame":244,"values":[1,0,0,0,0,1,0,0,0,0,1,0,0.0052,1.8863,0.1756,1]},
{"frame":245,"values":[1,0,0,0,0,1,0,0,0,0,1,0,0.0052,1.7919,0.121,1]},
{"frame":246,"values":[1,0,0,0,0,1,0,0,0,0,1,0,0.0052,1.7345,-0.0201,1]},
{"frame":247,"values":[1,0,0,0,0,1,0,0,0,0,1,0,0.0052,1.7076,-0.2167,1]},
{"frame":248,"values":[1,0,0,0,0,1,0,0,0,0,1,0,0.0052,1.7031,-0.2998,1]},
{"frame":249,"values":[1,0,0,0,0,1,0,0,0,0,1,0,0.0052,2.0217,-0.092,1]},
{"frame":250,"values":[1,0,0,0,0,1,0,0,0,0,1,0,0.0052,2.399,0.154,1]},
{"frame":251,"values":[1,0,0,0,0,1,0,0,0,0,1,0,0.0052,2.4845,0.2098,1]},
{"frame":252,"values":[1,0,0,0,0,1,0,0,0,0,1,0,0.0052,2.4506,0.2098,1]},
{"frame":253,"values":[1,0,0,0,0,1,0,0,0,0,1,0,0.0052,2.4111,0.2098,1]},
{"frame":254,"values":[1,0,0,0,0,1,0,0,0,0,1,0,0.0052,2.3708,0.2098,1]},
{"frame":255,"values":[1,0,0,0,0,1,0,0,0,0,1,0,0.0052,2.3304,0.2098,1]},
{"frame":256,"values":[1,0,0,0,0,1,0,0,0,0,1,0,0.0052,2.2903,0.2098,1]},
{"frame":257,"values":[1,0,0,0,0,1,0,0,0,0,1,0,0.0052,2.2507,0.2098,1]},
{"frame":258,"values":[1,0,0,0,0,1,0,0,0,0,1,0,0.0052,2.212,0.2098,1]},
{"frame":259,"values":[1,0,0,0,0,1,0,0,0,0,1,0,0.0052,2.1748,0.2098,1]},
{"frame":260,"values":[1,0,0,0,0,1,0,0,0,0,1,0,0.0052,2.1408,0.2098,1]},
{"frame":261,"values":[1,0,0,0,0,1,0,0,0,0,1,0,0.0052,2.1175,0.2098,1]},
{"frame":262,"values":[1,0,0,0,0,1,0,0,0,0,1,0,0.0052,2.0734,0.1706,1]},
{"frame":263,"values":[1,0,0,0,0,1,0,0,0,0,1,0,0.0052,1.9559,0.1292,1]},
{"frame":264,"values":[1,0,0,0,0,1,0,0,0,0,1,0,0.0052,1.8372,0.1199,1]},
{"frame":265,"values":[1,0,0,0,0,1,0,0,0,0,1,0,0.0052,1.7919,0.12,1]},
{"frame":266,"values":[1,0,0,0,0,1,0,0,0,0,1,0,0.0052,1.7919,0.16,1]},
{"frame":267,"values":[1,0,0,0,0,1,0,0,0,0,1,0,0.0052,1.9443,0.1986,1]},
{"frame":268,"values":[1,0,0,0,0,1,0,0,0,0,1,0,0.0052,2.1175,0.2098,1]},
{"frame":269,"values":[1,0,0,0,0,1,0,0,0,0,1,0,0.0052,2.1175,0.2084,1]},
{"frame":270,"values":[1,0,0,0,0,1,0,0,0,0,1,0,0.0052,2.1175,0.2098,1]},
{"frame":280,"values":[1,0,-0.0073,0,-0.0001,1,-0.001,0,0.0073,0.001,1,0,0.0001,2.08,0.2855,1]},
{"frame":281,"values":[0.9997,0.0001,-0.0237,0,-0.0002,1,-0.0031,0,0.0237,0.0031,0.9997,0,0.0001,2.0411,0.2552,1]},
{"frame":282,"values":[0.9995,0.0001,-0.0306,0,-0.0002,1,-0.005,0,0.0306,0.005,0.9995,0,0.0001,1.9539,0.1798,1]},
{"frame":283,"values":[0.9994,0,-0.0336,0,-0.0002,1,-0.0066,0,0.0336,0.0066,0.9994,0,0.0001,1.8436,0.0776,1]},
