{"producer":{"name":"Blender","version":"2.81 (sub 16)","exporter_version":"6.2.3","file":"Viking_Male.babylon"},
"autoClear":true,"clearColor":[0.1523,0.1523,0.1523],"gravity":[0,-9.81,0],
"materials":[{"name":"Body_baked","id":"Body_baked","customType":"BABYLON.PBRMaterial","backFaceCulling":true,"checkReadyOnlyOnce":false,"maxSimultaneousLights":4,"environmentIntensity":1,"albedo":[0.0134,0.0134,0.0134],"reflectivity":[0.5,0.5,0.5],"roughness":0.5,"alpha":1,"transparencyMode":0,"alphaCutOff":0.4,"metallic":0},
{"name":"Light","id":"Light","customType":"BABYLON.PBRMaterial","backFaceCulling":true,"checkReadyOnlyOnce":false,"maxSimultaneousLights":4,"environmentIntensity":1,"albedo":[0.5382,0.4075,0.2833],"reflectivity":[0.5,0.5,0.5],"roughness":0.5,"alpha":1,"transparencyMode":0,"alphaCutOff":0.4,"metallic":0},
{"name":"Main","id":"Main","customType":"BABYLON.PBRMaterial","backFaceCulling":true,"checkReadyOnlyOnce":false,"maxSimultaneousLights":4,"environmentIntensity":1,"albedo":[0.0578,0.0277,0.0223],"reflectivity":[0.5,0.5,0.5],"roughness":0.5,"alpha":1,"transparencyMode":0,"alphaCutOff":0.4,"metallic":0},
{"name":"Pants","id":"Pants","customType":"BABYLON.PBRMaterial","backFaceCulling":true,"checkReadyOnlyOnce":false,"maxSimultaneousLights":4,"environmentIntensity":1,"albedo":[0.0254,0.0135,0.0097],"reflectivity":[0.5,0.5,0.5],"roughness":0.5,"alpha":1,"transparencyMode":0,"alphaCutOff":0.4,"metallic":0},
{"name":"Hair","id":"Hair","customType":"BABYLON.PBRMaterial","backFaceCulling":true,"checkReadyOnlyOnce":false,"maxSimultaneousLights":4,"environmentIntensity":1,"albedo":[0.1473,0.036,0.0149],"reflectivity":[0.5,0.5,0.5],"roughness":0.5,"alpha":1,"transparencyMode":0,"alphaCutOff":0.4,"metallic":0},
{"name":"Face","id":"Face","customType":"BABYLON.PBRMaterial","backFaceCulling":true,"checkReadyOnlyOnce":false,"maxSimultaneousLights":4,"environmentIntensity":1,"albedo":[1,1,0.9404],"reflectivity":[0.5,0.5,0.5],"roughness":0.5,"alpha":1,"transparencyMode":0,"alphaCutOff":0.4,"metallic":0}],
"multiMaterials":[{"name":"Viking_Male.Multimaterial#0","id":"Viking_Male.Multimaterial#0","materials":["Body_baked","Light","Main","Pants","Hair","Face"]}],
"skeletons":[{"name":"CharacterArmature","id":0,"dimensionsAtRest":[3.1044,2.81,1.022],"bones":[
{"name":"Bone","index":0,"matrix":[1,0,0,0,0,1,0,0,0,0,-1,0,-0.0013,-0.0024,0.0001,1],"rest":[1,0,0,0,0,1,0,0,0,0,-1,0,-0.0013,-0.0024,0.0001,1],"parentBoneIndex":-1,"length":0.1095
,"animation":{"dataType":3,"framePerSecond":24,"keys":[
{"frame":0,"values":[1,0,0,0,0,1,0,0,0,0,-1,0,-0.0013,-0.0024,0.0001,1]},
{"frame":55,"values":[1,0,0,0,0,1,0,0,0,0,-1,0,-0.0013,-0.0024,0.0001,1]},
{"frame":60,"values":[1,0,0,0,0,1,0,0,0,0,-1,0,-0.0013,-0.0024,0.0001,1]},
{"frame":120,"values":[1,0,0,0,0,1,0,0,0,0,-1,0,-0.0013,-0.0024,0.0001,1]},
{"frame":130,"values":[1,0,0,0,0,1,0,0,0,0,-1,0,-0.0013,-0.0024,0.0001,1]},
{"frame":230,"values":[1,0,0,0,0,1,0,0,0,0,-1,0,-0.0013,-0.0024,0.0001,1]},
{"frame":240,"values":[1,0,0,0,0,1,0,0,0,0,-1,0,-0.0013,-0.0024,0.0001,1]},
{"frame":265,"values":[1,0,0,0,0,1,0,0,0,0,-1,0,-0.0013,-0.0024,0.0001,1]},
{"frame":270,"values":[1,0,0,0,0,1,0,0,0,0,-1,0,-0.0013,-0.0024,0.0001,1]},
{"frame":300,"values":[1,0,0,0,0,1,0,0,0,0,-1,0,-0.0013,-0.0024,0.0001,1]},
{"frame":310,"values":[1,0,0,0,0,1,0,0,0,0,-1,0,-0.0013,-0.0024,0.0001,1]},
{"frame":328,"values":[1,0,0,0,0,1,0,0,0,0,-1,0,-0.0013,-0.0024,0.0001,1]},
{"frame":340,"values":[1,0,0,0,0,1,0,0,0,0,-1,0,-0.0013,-0.0024,0.0001,1]},
{"frame":355,"values":[1,0,0,0,0,1,0,0,0,0,-1,0,-0.0013,-0.0024,0.0001,1]},
{"frame":360,"values":[1,0,0,0,0,1,0,0,0,0,-1,0,-0.0013,-0.0024,0.0001,1]},
{"frame":382,"values":[1,0,0,0,0,1,0,0,0,0,-1,0,-0.0013,-0.0024,0.0001,1]},
{"frame":390,"values":[1,0,0,0,0,1,0,0,0,0,-1,0,-0.0013,-0.0024,0.0001,1]},
{"frame":411,"values":[1,0,0,0,0,1,0,0,0,0,-1,0,-0.0013,-0.0024,0.0001,1]},
{"frame":420,"values":[1,0,0,0,0,1,0,0,0,0,-1,0,-0.0013,-0.0024,0.0001,1]},
{"frame":441,"values":[1,0,0,0,0,1,0,0,0,0,-1,0,-0.0013,-0.0024,0.0001,1]},
{"frame":450,"values":[1,0,0,0,0,1,0,0,0,0,-1,0,-0.0013,-0.0024,0.0001,1]},
{"frame":463,"values":[1,0,0,0,0,1,0,0,0,0,-1,0,-0.0013,-0.0024,0.0001,1]},
{"frame":470,"values":[1,0,0,0,0,1,0,0,0,0,-1,0,-0.0013,-0.0024,0.0001,1]},
{"frame":493,"values":[1,0,0,0,0,1,0,0,0,0,-1,0,-0.0013,-0.0024,0.0001,1]},
{"frame":500,"values":[1,0,0,0,0,1,0,0,0,0,-1,0,-0.0013,-0.0024,0.0001,1]},
{"frame":531,"values":[1,0,0,0,0,1,0,0,0,0,-1,0,-0.0013,-0.0024,0.0001,1]},
{"frame":540,"values":[1,0,0,0,0,1,0,0,0,0,-1,0,-0.0013,-0.0024,0.0001,1]},
{"frame":565,"values":[1,0,0,0,0,1,0,0,0,0,-1,0,-0.0013,-0.0024,0.0001,1]},
{"frame":570,"values":[1,0,0,0,0,1,0,0,0,0,-1,0,-0.0013,-0.0024,0.0001,1]},
{"frame":615,"values":[1,0,0,0,0,1,0,0,0,0,-1,0,-0.0013,-0.0024,0.0001,1]},
{"frame":620,"values":[1,0,0,0,0,1,0,0,0,0,-1,0,-0.0013,-0.0024,0.0001,1]},
{"frame":650,"values":[1,0,0,0,0,1,0,0,0,0,-1,0,-0.0013,-0.0024,0.0001,1]},
{"frame":660,"values":[1,0,0,0,0,1,0,0,0,0,-1,0,-0.0013,-0.0024,0.0001,1]},
{"frame":690,"values":[1,0,0,0,0,1,0,0,0,0,-1,0,-0.0013,-0.0024,0.0001,1]},
{"frame":700,"values":[1,0,0,0,0,1,0,0,0,0,-1,0,-0.0013,-0.0024,0.0001,1]},
{"frame":701,"values":[1,0,0,0,0,1,0,0,0,0,-1,0,-0.0013,-0.0024,0.0001,1]}],"loopBehavior":1,"name":"anim","property":"_matrix"}},
{"name":"Foot.L","index":1,"matrix":[-1,0,0,0,0,-0.0117,0.9999,0,0,0.9999,0.0117,0,0.2654,0.0247,-0.0451,1],"rest":[-1,0,0,0,0,-0.0117,0.9999,0,0,1.0012,0.0117,0,0.2654,0.0247,-0.0451,1],"parentBoneIndex":0,"length":0.1072
,"animation":{"dataType":3,"framePerSecond":24,"keys":[
{"frame":0,"values":[-1,0,0,0,0,-0.0117,0.9999,0,0,0.9999,0.0117,0,0.2654,0.0247,-0.0451,1]},
{"frame":1,"values":[-1,0,0,0,0,-0.3123,0.95,0,0,0.95,0.3123,0,0.2654,0.0402,-0.1053,1]},
{"frame":2,"values":[-1,0,0,0,0,-0.6659,0.746,0,0,0.746,0.6659,0,0.2654,0.058,-0.1763,1]},
{"frame":3,"values":[-1,0,0,0,0,-0.9318,0.363,0,0,0.363,0.9318,0,0.2654,0.0767,-0.2521,1]},
{"frame":4,"values":[-1,0,0,0,0,-0.9983,-0.0578,0,0,-0.0578,0.9983,0,0.2654,0.0943,-0.3227,1]},
{"frame":5,"values":[-1,0,0,0,0,-0.9328,-0.3603,0,0,-0.3603,0.9328,0,0.2654,0.1089,-0.3779,1]},
{"frame":6,"values":[-1,0,0,0,0,-0.8523,-0.523,0,0,-0.523,0.8523,0,0.2654,0.1192,-0.4113,1]},
{"frame":7,"values":[-1,0,0,0,0,-0.811,-0.5851,0,0,-0.5851,0.811,0,0.2654,0.1249,-0.422,1]},
{"frame":8,"values":[-1,0,0,0,0,-0.7948,-0.6068,0,0,-0.6068,0.7948,0,0.2654,0.1283,-0.4219,1]},
{"frame":9,"values":[-1,0,0,0,0,-0.7801,-0.6257,0,0,-0.6257,0.7801,0,0.2654,0.1312,-0.4218,1]},
{"frame":10,"values":[-1,0,0,0,0,-0.7669,-0.6417,0,0,-0.6417,0.7669,0,0.2654,0.1337,-0.4214,1]},
{"frame":11,"values":[-1,0,0,0,0,-0.7556,-0.6551,0,0,-0.6551,0.7556,0,0.2654,0.1356,-0.4207,1]},
{"frame":12,"values":[-1,0,0,0,0,-0.7461,-0.6658,0,0,-0.6658,0.7461,0,0.2654,0.137,-0.4195,1]},
{"frame":13,"values":[-1,0,0,0,0,-0.7386,-0.6742,0,0,-0.6742,0.7386,0,0.2654,0.138,-0.4176,1]},
{"frame":14,"values":[-1,0,0,0,0,-0.7328,-0.6804,0,0,-0.6804,0.7328,0,0.2654,0.1386,-0.4148,1]},
{"frame":15,"values":[-1,0,0,0,0,-0.7286,-0.685,0,0,-0.685,0.7286,0,0.2654,0.1389,-0.4109,1]},
{"frame":16,"values":[-1,0,0,0,0,-0.7256,-0.6882,0,0,-0.6882,0.7256,0,0.2654,0.139,-0.4058,1]},
{"frame":17,"values":[-1,0,0,0,0,-0.7234,-0.6904,0,0,-0.6904,0.7234,0,0.2654,0.1389,-0.3991,1]},
{"frame":18,"values":[-1,0,0,0,0,-0.7217,-0.6922,0,0,-0.6922,0.7217,0,0.2654,0.1388,-0.3908,1]},
{"frame":19,"values":[-1,0,0,0,0,-0.7199,-0.6941,0,0,-0.6941,0.7199,0,0.2654,0.1388,-0.3808,1]},
{"frame":20,"values":[-1,0,0,0,0,-0.7176,-0.6965,0,0,-0.6965,0.7176,0,0.2654,0.139,-0.3689,1]},
{"frame":21,"values":[-1,0,0,0,0,-0.7144,-0.6998,0,0,-0.6998,0.7144,0,0.2654,0.1395,-0.3553,1]},
{"frame":22,"values":[-1,0,0,0,0,-0.7099,-0.7043,0,0,-0.7043,0.7099,0,0.2654,0.1404,-0.3399,1]},
{"frame":23,"values":[-1,0,0,0,0,-0.7039,-0.7103,0,0,-0.7103,0.7039,0,0.2654,0.1416,-0.3228,1]},
{"frame":24,"values":[-1,0,0,0,0,-0.6961,-0.718,0,0,-0.718,0.6961,0,0.2654,0.1433,-0.3042,1]},
{"frame":25,"values":[-1,0,0,0,0,-0.6863,-0.7273,0,0,-0.7273,0.6863,0,0.2654,0.1455,-0.284,1]},
{"frame":26,"values":[-1,0,0,0,0,-0.6744,-0.7384,0,0,-0.7384,0.6744,0,0.2654,0.1482,-0.2625,1]},
{"frame":27,"values":[-1,0,0,0,0,-0.6602,-0.7511,0,0,-0.7511,0.6602,0,0.2654,0.1513,-0.2397,1]},
{"frame":28,"values":[-1,0,0,0,0,-0.6482,-0.7615,0,0,-0.7615,0.6482,0,0.2654,0.1543,-0.2169,1]},
{"frame":29,"values":[-1,0,0,0,0,-0.6394,-0.7689,0,0,-0.7689,0.6394,0,0.2654,0.1603,-0.1918,1]},
{"frame":30,"values":[-1,0,0,0,0,-0.6246,-0.7809,0,0,-0.7809,0.6246,0,0.2654,0.1767,-0.1576,1]},
{"frame":31,"values":[-1,0,0,0,0,-0.5938,-0.8046,0,0,-0.8046,0.5938,0,0.2654,0.2091,-0.1089,1]},
{"frame":32,"values":[-1,0,0,0,0,-0.5421,-0.8403,0,0,-0.8403,0.5421,0,0.2654,0.2571,-0.0461,1]},
{"frame":33,"values":[-1,0,0,0,0,-0.4321,-0.9018,0,0,-0.9018,0.4321,0,0.2654,0.3502,0.0531,1]},
{"frame":34,"values":[-1,0,0,0,0,-0.2419,-0.9703,0,0,-0.9703,0.2419,0,0.2654,0.4989,0.1928,1]},
{"frame":35,"values":[-1,0,0,0,0,-0.0671,-0.9977,0,0,-0.9977,0.0671,0,0.2654,0.6294,0.3097,1]},
{"frame":36,"values":[-1,0,0,0,0,-0.0035,-1,0,0,-1,0.0035,0,0.2654,0.6767,0.3511,1]},
{"frame":37,"values":[-1,0,0,0,0,-0.0093,-1,0,0,-1,0.0093,0,0.2654,0.6388,0.3066,1]},
{"frame":38,"values":[-1,0,0,0,0,-0.0594,-0.9982,0,0,-0.9982,0.0594,0,0.2654,0.5323,0.1967,1]},
{"frame":39,"values":[-1,0,0,0,0,-0.1809,-0.9835,0,0,-0.9835,0.1809,0,0.2654,0.4165,0.1069,1]},
{"frame":40,"values":[-1,0,0,0,0,-0.5333,-0.8459,0,0,-0.8459,0.5333,0,0.2654,0.2787,0.0491,1]},
{"frame":41,"values":[-1,0,0,0,0,-0.9282,-0.3722,0,0,-0.3722,0.9282,0,0.2654,0.1254,0.0078,1]},
{"frame":42,"values":[-1,0,0,0,0,-0.9931,-0.117,0,0,-0.117,0.9931,0,0.2654,0.0655,-0.0053,1]},
{"frame":43,"values":[-1,0,0,0,0,-0.9931,-0.117,0,0,-0.117,0.9931,0,0.2654,0.0984,-0.0056,1]},
{"frame":44,"values":[-1,0,0,0,0,-0.9931,-0.117,0,0,-0.117,0.9931,0,0.2654,0.1313,-0.0053,1]},
{"frame":45,"values":[-1,0,0,0,0,-0.9931,-0.117,0,0,-0.117,0.9931,0,0.2654,0.1222,-0.0053,1]},
{"frame":46,"values":[-1,0,0,0,0,-0.9931,-0.117,0,0,-0.117,0.9931,0,0.2654,0.0984,-0.0053,1]},
{"frame":47,"values":[-1,0,0,0,0,-0.9931,-0.117,0,0,-0.117,0.9931,0,0.2654,0.0746,-0.0053,1]},
{"frame":48,"values":[-1,0,0,0,0,-0.9931,-0.117,0,0,-0.117,0.9931,0,0.2654,0.0655,-0.0053,1]},
{"frame":55,"values":[-1,0,0,0,0,-0.9931,-0.117,0,0,-0.117,0.9931,0,0.2654,0.0655,-0.0053,1]},
{"frame":60,"values":[-1,0,0,0,0,-0.0117,0.9999,0,0,0.9999,0.0117,0,0.2654,0.0247,-0.0451,1]},
{"frame":120,"values":[-1,0,0,0,0,-0.0117,0.9999,0,0,0.9999,0.0117,0,0.2654,0.0247,-0.0451,1]},
{"frame":130,"values":[-1,0,0,0,0,-0.0117,0.9999,0,0,0.9999,0.0117,0,0.2654,0.0247,-0.0451,1]},
{"frame":230,"values":[-1,0,0,0,0,-0.0117,0.9999,0,0,0.9999,0.0117,0,0.2654,0.0247,-0.0451,1]},
{"frame":240,"values":[-1,0,0,0,0,-0.0117,0.9999,0,0,0.9999,0.0117,0,0.2654,0.0247,-0.0451,1]},
{"frame":245,"values":[-1,0,0,0,0,-0.1472,0.9891,0,0,0.9891,0.1472,0,0.2654,0.2373,-0.0645,1]},
{"frame":246,"values":[-1,0,0,0,0,-0.4786,0.878,0,0,0.878,0.4786,0,0.2654,0.7538,-0.1052,1]},
{"frame":247,"values":[-1,0,0,0,0,-0.7297,0.6838,0,0,0.6838,0.7297,0,0.2654,1.1561,-0.1224,1]},
{"frame":248,"values":[-1,0,0,0,0,-0.8912,0.4537,0,0,0.4537,0.8912,0,0.2654,1.3812,-0.1001,1]},
{"frame":249,"values":[-1,0,0,0,0,-0.9891,0.1473,0,0,0.1473,0.9891,0,0.2654,1.539,-0.0467,1]},
{"frame":250,"values":[-1,0,0,0,0,-0.9952,-0.0977,0,0,-0.0977,0.9952,0,0.2654,1.6143,0.0057,1]},
{"frame":251,"values":[-1,0,0,0,0,-0.9837,-0.1796,0,0,-0.1796,0.9837,0,0.2654,1.6314,0.0256,1]},
{"frame":252,"values":[-1,0,0,0,0,-0.9991,0.0424,0,0,0.0424,0.9991,0,0.2654,1.4092,0.0158,1]},
{"frame":253,"values":[-1,0,0,0,0,-0.7692,0.6389,0,0,0.6389,0.7692,0,0.2654,0.828,-0.0097,1]},
{"frame":254,"values":[-1,0,0,0,0,-0.2294,0.9733,0,0,0.9733,0.2294,0,0.2654,0.2468,-0.0353,1]},
{"frame":255,"values":[-1,0,0,0,0,-0.0117,0.9999,0,0,0.9999,0.0117,0,0.2654,0.0247,-0.0451,1]},
{"frame":265,"values":[-1,0,0,0,0,-0.0117,0.9999,0,0,0.9999,0.0117,0,0.2654,0.0247,-0.0451,1]},
{"frame":270,"values":[-1,0,0,0,0,-0.0117,0.9999,0,0,0.9999,0.0117,0,0.2654,0.0247,-0.0451,1]},
{"frame":300,"values":[-1,0,0,0,0,-0.0117,0.9999,0,0,0.9999,0.0117,0,0.2654,0.0247,-0.0451,1]},
{"frame":310,"values":[-1,0,0,0,0,-0.0117,0.9999,0,0,0.9999,0.0117,0,0.2654,0.0247,0.2756,1]},
{"frame":328,"values":[-1,0,0,0,0,-0.0117,0.9999,0,0,0.9999,0.0117,0,0.2654,0.0247,0.2756,1]},
{"frame":340,"values":[-1,0,0,0,0,-0.0117,0.9999,0,0,0.9999,0.0117,0,0.2654,0.0247,-0.0451,1]},
{"frame":355,"values":[-1,0,0,0,0,-0.0117,0.9999,0,0,0.9999,0.0117,0,0.2654,0.0247,-0.0451,1]},
{"frame":360,"values":[-1,0,0,0,0,-0.0117,0.9999,0,0,0.9999,0.0117,0,0.2654,0.0191,-0.3142,1]},
{"frame":361,"values":[-1,0,0,0,0,-0.0117,0.9999,0,0,0.9999,0.0117,0,0.2654,0.0189,-0.2975,1]},
{"frame":362,"values":[-1,0,0,0,0,-0.0117,0.9999,0,0,0.9999,0.0117,0,0.2654,0.0186,-0.2492,1]},
{"frame":363,"values":[-1,0,0,0,0,-0.0117,0.9999,0,0,0.9999,0.0117,0,0.2654,0.0186,-0.1796,1]},
{"frame":364,"values":[-1,0,0,0,0,-0.0117,0.9999,0,0,0.9999,0.0117,0,0.2654,0.0194,-0.1101,1]},
{"frame":365,"values":[-1,0,0,0,0,-0.0117,0.9999,0,0,0.9999,0.0117,0,0.2654,0.0215,-0.0617,1]},
{"frame":366,"values":[-1,0,0,0,0,-0.0117,0.9999,0,0,0.9999,0.0117,0,0.2654,0.0247,-0.0451,1]},
{"frame":367,"values":[-1,0,0,0,0,-0.3061,0.952,0,0,0.952,0.3061,0,0.2654,0.1811,-0.3003,1]},
{"frame":368,"values":[-1,0,0,0,0,-0.9067,0.4217,0,0,0.4217,0.9067,0,0.2654,0.5776,-0.8458,1]},
{"frame":369,"values":[-1,0,0,0,0,-0.9708,-0.2398,0,0,-0.2398,0.9708,0,0.2654,0.937,-1.0987,1]},
{"frame":370,"values":[-1,-0.0003,0.0005,0,-0.0001,-0.7936,-0.6084,0,0.0006,-0.6084,0.7936,0,0.2655,1.2417,-1.0745,1]},
{"frame":371,"values":[-1,-0.0014,0.0016,0,-0.0006,-0.5392,-0.8422,0,0.0021,-0.8422,0.5392,0,0.2659,1.5699,-0.9585,1]},
{"frame":372,"values":[-1,-0.0032,0.0023,0,-0.0015,-0.2258,-0.9742,0,0.0037,-0.9742,0.2257,0,0.267,1.8069,-0.6866,1]},
{"frame":373,"values":[-1,-0.0048,0.0019,0,-0.0026,0.1509,-0.9885,0,0.0044,-0.9885,-0.1509,0,0.269,1.8811,-0.2687,1]},
{"frame":374,"values":[-1,-0.0052,-0.0003,0,-0.0028,0.5825,-0.8129,0,0.0044,-0.8128,-0.5825,0,0.2747,1.7084,0.4696,1]},
{"frame":375,"values":[-1,-0.0045,-0.0025,0,-0.0026,0.8618,-0.5072,0,0.0045,-0.5072,-0.8618,0,0.2792,1.2707,0.8131,1]},
{"frame":376,"values":[-1,-0.0022,-0.0046,0,-0.0025,0.9977,0.0676,0,0.0045,0.0676,-0.9977,0,0.2689,0.962,1.0298,1]},
{"frame":377,"values":[-1,0.0036,-0.0064,0,-0.0023,0.6691,0.7432,0,0.0069,0.7432,-0.669,0,0.2131,0.5609,1.2589,1]},
{"frame":378,"values":[-0.9995,-0.028,-0.0128,0,0.0296,-0.9887,-0.147,0,-0.0086,-0.1473,0.9891,0,0.2257,0.2894,1.1226,1]},
{"frame":379,"values":[-1,-0.001,0.0003,0,0.0003,-0.0292,0.9996,0,-0.001,0.9996,0.0292,0,0.2528,0.1032,0.7565,1]},
{"frame":380,"values":[-1,0,0,0,0,-0.0117,0.9999,0,0,0.9999,0.0117,0,0.2654,0.0334,0.3788,1]},
{"frame":381,"values":[-1,0,0,0,0,-0.0117,0.9999,0,0,0.9999,0.0117,0,0.2654,0.0189,-0.0611,1]},
{"frame":382,"values":[-1,0,0,0,0,-0.0117,0.9999,0,0,0.9999,0.0117,0,0.2654,0.0191,-0.3142,1]},
{"frame":390,"values":[-1,0,0,0,0,-0.9742,-0.2256,0,0,-0.2256,0.9742,0,0.2654,0.5499,-0.6846,1]},
{"frame":391,"values":[-1,0,0,0,0,-0.9964,-0.0844,0,0,-0.0844,0.9964,0,0.2654,0.5334,-0.6905,1]},
{"frame":392,"values":[-1,0,0,0,0,-0.9358,0.3525,0,0,0.3525,0.9358,0,0.2654,0.4871,-0.7068,1]},
{"frame":393,"values":[-1,0,0,0,0,-0.5642,0.8256,0,0,0.8256,0.5642,0,0.2654,0.4275,-0.7278,1]},
{"frame":394,"values":[-1,0,0,0,0,-0.1541,0.9881,0,0,0.9881,0.1541,0,0.2654,0.3811,-0.7442,1]},
{"frame":395,"values":[-1,0,0,0,0,-0.0117,0.9999,0,0,0.9999,0.0117,0,0.2654,0.3646,-0.75,1]},
{"frame":396,"values":[-1,0,0,0,0,-0.0117,0.9999,0,0,0.9999,0.0117,0,0.2654,0.3636,-0.6334,1]},
{"frame":397,"values":[-1,0,0,0,0,-0.0117,0.9999,0,0,0.9999,0.0117,0,0.2654,0.3605,-0.305,1]},
{"frame":398,"values":[-1,0,0,0,0,-0.0117,0.9999,0,0,0.9999,0.0117,0,0.2654,0.3566,0.1166,1]},
{"frame":399,"values":[-1,0,0,0,0,-0.0117,0.9999,0,0,0.9999,0.0117,0,0.2654,0.3535,0.445,1]},
{"frame":400,"values":[-1,0,0,0,0,-0.0117,0.9999,0,0,0.9999,0.0117,0,0.2654,0.3524,0.5616,1]},
{"frame":401,"values":[-1,0,0,0,0,-0.0117,0.9999,0,0,0.9999,0.0117,0,0.2654,0.3138,0.5595,1]},
{"frame":402,"values":[-1,0,0,0,0,-0.0117,0.9999,0,0,0.9999,0.0117,0,0.2654,0.2096,0.5437,1]},
{"frame":403,"values":[-1,0,0,0,0,-0.0117,0.9999,0,0,0.9999,0.0117,0,0.2654,0.0961,0.5,1]},
{"frame":404,"values":[-1,0,0,0,0,-0.0117,0.9999,0,0,0.9999,0.0117,0,0.2654,0.0345,0.4275,1]},
{"frame":405,"values":[-1,0,0,0,0,-0.0117,0.9999,0,0,0.9999,0.0117,0,0.2654,0.0129,0.3097,1]},
{"frame":406,"values":[-1,0,0,0,0,-0.0117,0.9999,0,0,0.9999,0.0117,0,0.2654,0.0056,0.1279,1]},
{"frame":407,"values":[-1,0,0,0,0,-0.0117,0.9999,0,0,0.9999,0.0117,0,0.2654,0.0072,-0.0987,1]},
{"frame":408,"values":[-1,0,0,0,0,-0.2357,0.9718,0,0,0.9718,0.2357,0,0.2654,0.084,-0.3312,1]},
{"frame":409,"values":[-1,0,0,0,0,-0.7865,0.6177,0,0,0.6177,0.7865,0,0.2654,0.2801,-0.5235,1]},
{"frame":410,"values":[-1,0,0,0,0,-1,-0.0013,0,0,-0.0013,1,0,0.2654,0.4753,-0.6447,1]},
{"frame":411,"values":[-1,0,0,0,0,-0.9742,-0.2256,0,0,-0.2256,0.9742,0,0.2654,0.5499,-0.6846,1]},
{"frame":420,"values":[-1,0,0,0,0,-0.9742,-0.2256,0,0,-0.2256,0.9742,0,0.2654,0.5499,-0.6846,1]},
{"frame":421,"values":[-1,0,0,0,0,-0.9964,-0.0844,0,0,-0.0844,0.9964,0,0.2654,0.5334,-0.6905,1]},
{"frame":422,"values":[-1,0,0,0,0,-0.9358,0.3525,0,0,0.3525,0.9358,0,0.2654,0.4871,-0.7068,1]},
{"frame":423,"values":[-1,0,0,0,0,-0.5642,0.8256,0,0,0.8256,0.5642,0,0.2654,0.4275,-0.7278,1]},
{"frame":424,"values":[-1,0,0,0,0,-0.1541,0.9881,0,0,0.9881,0.1541,0,0.2654,0.3811,-0.7442,1]},
{"frame":425,"values":[-1,0,0,0,0,-0.0117,0.9999,0,0,0.9999,0.0117,0,0.2654,0.3646,-0.75,1]},
{"frame":426,"values":[-1,0,0,0,0,-0.0117,0.9999,0,0,0.9999,0.0117,0,0.2654,0.3636,-0.6334,1]},
{"frame":427,"values":[-1,0,0,0,0,-0.0117,0.9999,0,0,0.9999,0.0117,0,0.2654,0.3605,-0.305,1]},
{"frame":428,"values":[-1,0,0,0,0,-0.0117,0.9999,0,0,0.9999,0.0117,0,0.2654,0.3566,0.1166,1]},
{"frame":429,"values":[-1,0,0,0,0,-0.0117,0.9999,0,0,0.9999,0.0117,0,0.2654,0.3535,0.445,1]},
{"frame":430,"values":[-1,0,0,0,0,-0.0117,0.9999,0,0,0.9999,0.0117,0,0.2654,0.3524,0.5616,1]},
{"frame":431,"values":[-1,0,0,0,0,-0.0117,0.9999,0,0,0.9999,0.0117,0,0.2654,0.3138,0.5595,1]},
{"frame":432,"values":[-1,0,0,0,0,-0.0117,0.9999,0,0,0.9999,0.0117,0,0.2654,0.2096,0.5437,1]},
{"frame":433,"values":[-1,0,0,0,0,-0.0117,0.9999,0,0,0.9999,0.0117,0,0.2654,0.0961,0.5,1]},
{"frame":434,"values":[-1,0,0,0,0,-0.0117,0.9999,0,0,0.9999,0.0117,0,0.2654,0.0345,0.4275,1]},
{"frame":435,"values":[-1,0,0,0,0,-0.0117,0.9999,0,0,0.9999,0.0117,0,0.2654,0.0129,0.3097,1]},
{"frame":436,"values":[-1,0,0,0,0,-0.0117,0.9999,0,0,0.9999,0.0117,0,0.2654,0.0056,0.1279,1]},
{"frame":437,"values":[-1,0,0,0,0,-0.0117,0.9999,0,0,0.9999,0.0117,0,0.2654,0.0072,-0.0987,1]},
{"frame":438,"values":[-1,0,0,0,0,-0.2357,0.9718,0,0,0.9718,0.2357,0,0.2654,0.084,-0.3312,1]},
{"frame":439,"values":[-1,0,0,0,0,-0.7865,0.6177,0,0,0.6177,0.7865,0,0.2654,0.2801,-0.5235,1]},
{"frame":440,"values":[-1,0,0,0,0,-1,-0.0013,0,0,-0.0013,1,0,0.2654,0.4753,-0.6447,1]},
{"frame":441,"values":[-1,0,0,0,0,-0.9742,-0.2256,0,0,-0.2256,0.9742,0,0.2654,0.5499,-0.6846,1]},
{"frame":450,"values":[-1,0,0,0,0,-0.0117,0.9999,0,0,0.9999,0.0117,0,0.2654,0.0247,-0.0451,1]},
{"frame":463,"values":[-1,0,0,0,0,-0.0117,0.9999,0,0,0.9999,0.0117,0,0.2654,0.0247,-0.0451,1]},
{"frame":470,"values":[-1,0,0,0,0,-0.0117,0.9999,0,0,0.9999,0.0117,0,0.2654,0.0247,-0.0451,1]},
{"frame":493,"values":[-1,0,0,0,0,-0.0117,0.9999,0,0,0.9999,0.0117,0,0.2654,0.0247,-0.0451,1]},
{"frame":500,"values":[-1,0,0,0,0,-0.0117,0.9999,0,0,0.9999,0.0117,0,0.2654,0.0247,-0.0451,1]},
{"frame":531,"values":[-1,0,0,0,0,-0.0117,0.9999,0,0,0.9999,0.0117,0,0.2654,0.0247,-0.0451,1]},
{"frame":540,"values":[-1,0,0,0,0,-0.0117,0.9999,0,0,0.9999,0.0117,0,0.4395,0.0247,0.3503,1]},
{"frame":565,"values":[-1,0,0,0,0,-0.0117,0.9999,0,0,0.9999,0.0117,0,0.4395,0.0247,0.3503,1]},
{"frame":570,"values":[-1,0,0,0,0,-0.0117,0.9999,0,0,0.9999,0.0117,0,0.2654,0.0247,-0.0451,1]},
{"frame":615,"values":[-1,0,0,0,0,-0.0117,0.9999,0,0,0.9999,0.0117,0,0.2654,0.0247,-0.0451,1]},
{"frame":620,"values":[-1,0,0,0,0,-0.6619,0.7496,0,0,0.7496,0.6619,0,0.2654,0.0572,-0.457,1]},
{"frame":621,"values":[-1,0,0,0,0,-0.6883,0.7254,0,0,0.7254,0.6883,0,0.2654,0.0684,-0.4546,1]},
{"frame":622,"values":[-1,0,0,0,0,-0.762,0.6475,0,0,0.6475,0.762,0,0.2654,0.1015,-0.4455,1]},
{"frame":623,"values":[-1,0,0,0,0,-0.8586,0.5126,0,0,0.5126,0.8586,0,0.2654,0.1519,-0.4266,1]},
{"frame":624,"values":[-1,0,0,0,0,-0.94,0.3413,0,0,0.3413,0.94,0,0.2654,0.209,-0.3955,1]},
{"frame":625,"values":[-1,0,0,0,0,-0.9835,0.1812,0,0,0.1812,0.9835,0,0.2654,0.2591,-0.3521,1]},
{"frame":626,"values":[-1,0,0,0,0,-0.9972,0.0748,0,0,0.0748,0.9972,0,0.2654,0.2917,-0.2983,1]},
{"frame":627,"values":[-1,0,0,0,0,-0.9992,0.0391,0,0,0.0391,0.9992,0,0.2654,0.3022,-0.2371,1]},
{"frame":628,"values":[-1,0,0,0,0,-0.9964,0.0847,0,0,0.0847,0.9964,0,0.2654,0.2978,-0.1591,1]},
{"frame":629,"values":[-1,0,0,0,0,-0.9735,0.2286,0,0,0.2286,0.9735,0,0.2654,0.2858,-0.0542,1]},
{"frame":630,"values":[-1,0,0,0,0,-0.8818,0.4717,0,0,0.4717,0.8818,0,0.2654,0.2661,0.073,1]},
{"frame":631,"values":[-1,0,0,0,0,-0.6501,0.7598,0,0,0.7598,0.6501,0,0.2654,0.2396,0.2126,1]},
{"frame":632,"values":[-1,0,0,0,0,-0.2765,0.961,0,0,0.961,0.2765,0,0.2654,0.2083,0.3501,1]},
{"frame":633,"values":[-1,0,0,0,0,0.1059,0.9944,0,0,0.9944,-0.1059,0,0.2654,0.1753,0.4701,1]},
{"frame":634,"values":[-1,0,0,0,0,0.372,0.9282,0,0,0.9282,-0.372,0,0.2654,0.1432,0.5606,1]},
{"frame":635,"values":[-1,0,0,0,0,0.5069,0.862,0,0,0.862,-0.5069,0,0.2654,0.1143,0.6153,1]},
{"frame":636,"values":[-1,0,0,0,0,0.5402,0.8416,0,0,0.8416,-0.5402,0,0.2654,0.0897,0.633,1]},
{"frame":637,"values":[-1,0,0,0,0,0.4408,0.8976,0,0,0.8976,-0.4408,0,0.2654,0.0622,0.6193,1]},
{"frame":638,"values":[-1,0,0,0,0,0.1924,0.9813,0,0,0.9813,-0.1924,0,0.2654,0.0346,0.5746,1]},
{"frame":639,"values":[-1,0,0,0,0,-0.0117,0.9999,0,0,0.9999,0.0117,0,0.2654,0.0247,0.5122,1]},
{"frame":640,"values":[-1,0,0,0,0,-0.1355,0.9908,0,0,0.9908,0.1355,0,0.2654,0.026,0.4384,1]},
{"frame":641,"values":[-1,0,0,0,0,-0.2497,0.9683,0,0,0.9683,0.2497,0,0.2654,0.0282,0.3457,1]},
{"frame":642,"values":[-1,0,0,0,0,-0.3512,0.9363,0,0,0.9363,0.3512,0,0.2654,0.0314,0.2362,1]},
{"frame":643,"values":[-1,0,0,0,0,-0.4379,0.899,0,0,0.899,0.4379,0,0.2654,0.0354,0.1144,1]},
{"frame":644,"values":[-1,0,0,0,0,-0.5087,0.8609,0,0,0.8609,0.5087,0,0.2654,0.0399,-0.0127,1]},
{"frame":645,"values":[-1,0,0,0,0,-0.5638,0.8259,0,0,0.8259,0.5638,0,0.2654,0.0444,-0.1364,1]},
{"frame":646,"values":[-1,0,0,0,0,-0.6044,0.7967,0,0,0.7967,0.6044,0,0.2654,0.0487,-0.2475,1]},
{"frame":647,"values":[-1,0,0,0,0,-0.6324,0.7746,0,0,0.7746,0.6324,0,0.2654,0.0523,-0.3385,1]},
{"frame":648,"values":[-1,0,0,0,0,-0.65,0.76,0,0,0.76,0.65,0,0.2654,0.055,-0.4047,1]},
{"frame":649,"values":[-1,0,0,0,0,-0.6592,0.752,0,0,0.752,0.6592,0,0.2654,0.0566,-0.4442,1]},
{"frame":650,"values":[-1,0,0,0,0,-0.6619,0.7496,0,0,0.7496,0.6619,0,0.2654,0.0572,-0.457,1]},
{"frame":660,"values":[-1,0,0,0,0,-0.6619,0.7496,0,0,0.7496,0.6619,0,0.2654,0.0572,-0.457,1]},
{"frame":661,"values":[-1,0,0,0,0,-0.6883,0.7254,0,0,0.7254,0.6883,0,0.2654,0.0684,-0.4546,1]},
{"frame":662,"values":[-1,0,0,0,0,-0.762,0.6475,0,0,0.6475,0.762,0,0.2654,0.1015,-0.4455,1]},
{"frame":663,"values":[-1,0,0,0,0,-0.8586,0.5126,0,0,0.5126,0.8586,0,0.2654,0.1519,-0.4266,1]},
{"frame":664,"values":[-1,0,0,0,0,-0.94,0.3413,0,0,0.3413,0.94,0,0.2654,0.209,-0.3955,1]},
{"frame":665,"values":[-1,0,0,0,0,-0.9835,0.1812,0,0,0.1812,0.9835,0,0.2654,0.2591,-0.3521,1]},
{"frame":666,"values":[-1,0,0,0,0,-0.9972,0.0748,0,0,0.0748,0.9972,0,0.2654,0.2917,-0.2983,1]},
{"frame":667,"values":[-1,0,0,0,0,-0.9992,0.0391,0,0,0.0391,0.9992,0,0.2654,0.3022,-0.2371,1]},
{"frame":668,"values":[-1,0,0,0,0,-0.9964,0.0847,0,0,0.0847,0.9964,0,0.2654,0.2978,-0.1591,1]},
{"frame":669,"values":[-1,0,0,0,0,-0.9735,0.2286,0,0,0.2286,0.9735,0,0.2654,0.2858,-0.0542,1]},
{"frame":670,"values":[-1,0,0,0,0,-0.8818,0.4717,0,0,0.4717,0.8818,0,0.2654,0.2661,0.073,1]},
{"frame":671,"values":[-1,0,0,0,0,-0.6501,0.7598,0,0,0.7598,0.6501,0,0.2654,0.2396,0.2126,1]},
{"frame":672,"values":[-1,0,0,0,0,-0.2765,0.961,0,0,0.961,0.2765,0,0.2654,0.2083,0.3501,1]},
{"frame":673,"values":[-1,0,0,0,0,0.1059,0.9944,0,0,0.9944,-0.1059,0,0.2654,0.1753,0.4701,1]},
{"frame":674,"values":[-1,0,0,0,0,0.372,0.9282,0,0,0.9282,-0.372,0,0.2654,0.1432,0.5606,1]},
{"frame":675,"values":[-1,0,0,0,0,0.5069,0.862,0,0,0.862,-0.5069,0,0.2654,0.1143,0.6153,1]},
{"frame":676,"values":[-1,0,0,0,0,0.5402,0.8416,0,0,0.8416,-0.5402,0,0.2654,0.0897,0.633,1]},
{"frame":677,"values":[-1,0,0,0,0,0.4408,0.8976,0,0,0.8976,-0.4408,0,0.2654,0.0622,0.6193,1]},
{"frame":678,"values":[-1,0,0,0,0,0.1924,0.9813,0,0,0.9813,-0.1924,0,0.2654,0.0346,0.5746,1]},
{"frame":679,"values":[-1,0,0,0,0,-0.0117,0.9999,0,0,0.9999,0.0117,0,0.2654,0.0247,0.5122,1]},
{"frame":680,"values":[-1,0,0,0,0,-0.1355,0.9908,0,0,0.9908,0.1355,0,0.2654,0.026,0.4384,1]},
{"frame":681,"values":[-1,0,0,0,0,-0.2497,0.9683,0,0,0.9683,0.2497,0,0.2654,0.0282,0.3457,1]},
{"frame":682,"values":[-1,0,0,0,0,-0.3512,0.9363,0,0,0.9363,0.3512,0,0.2654,0.0314,0.2362,1]},
{"frame":683,"values":[-1,0,0,0,0,-0.4379,0.899,0,0,0.899,0.4379,0,0.2654,0.0354,0.1144,1]},
{"frame":684,"values":[-1,0,0,0,0,-0.5087,0.8609,0,0,0.8609,0.5087,0,0.2654,0.0399,-0.0127,1]},
{"frame":685,"values":[-1,0,0,0,0,-0.5638,0.8259,0,0,0.8259,0.5638,0,0.2654,0.0444,-0.1364,1]},
{"frame":686,"values":[-1,0,0,0,0,-0.6044,0.7967,0,0,0.7967,0.6044,0,0.2654,0.0487,-0.2475,1]},
{"frame":687,"values":[-1,0,0,0,0,-0.6324,0.7746,0,0,0.7746,0.6324,0,0.2654,0.0523,-0.3385,1]},
{"frame":688,"values":[-1,0,0,0,0,-0.65,0.76,0,0,0.76,0.65,0,0.2654,0.055,-0.4047,1]},
{"frame":689,"values":[-1,0,0,0,0,-0.6592,0.752,0,0,0.752,0.6592,0,0.2654,0.0566,-0.4442,1]},
{"frame":690,"values":[-1,0,0,0,0,-0.6619,0.7496,0,0,0.7496,0.6619,0,0.2654,0.0572,-0.457,1]},
{"frame":700,"values":[-1,0,0,0,0,-0.0117,0.9999,0,0,0.9999,0.0117,0,0.2654,0.0247,-0.0451,1]},
{"frame":701,"values":[-1,0,0,0,0,-0.0117,0.9999,0,0,0.9999,0.0117,0,0.2654,0.0247,-0.0451,1]}],"loopBehavior":1,"name":"anim","property":"_matrix"}},
{"name":"PoleTarget.L","index":2,"matrix":[1,0,0,0,0,1,0,0,0,0,1,0,0.262,0.7245,0.9631,1],"rest":[1,0,0,0,0,1,0,0,0,0,1,0,0.262,0.7245,0.9631,1],"parentBoneIndex":0,"length":0.2737
,"animation":{"dataType":3,"framePerSecond":24,"keys":[
{"frame":0,"values":[1,0,0,0,0,1,0,0,0,0,1,0,0.262,0.1097,1.8516,1]},
{"frame":1,"values":[1,0,0,0,0,1,0,0,0,0,1,0,0.262,0.1254,1.9508,1]},
{"frame":2,"values":[1,0,0,0,0,1,0,0,0,0,1,0,0.262,0.1438,2.0678,1]},
{"frame":3,"values":[1,0,0,0,0,1,0,0,0,0,1,0,0.262,0.1635,2.1926,1]},
{"frame":4,"values":[1,0,0,0,0,1,0,0,0,0,1,0,0.262,0.1818,2.309,1]},
{"frame":5,"values":[1,0,0,0,0,1,0,0,0,0,1,0,0.262,0.1962,2.3998,1]},
{"frame":6,"values":[1,0,0,0,0,1,0,0,0,0,1,0,0.262,0.2048,2.4548,1]},
{"frame":7,"values":[1,0,0,0,0,1,0,0,0,0,1,0,0.262,0.2076,2.4725,1]},
{"frame":26,"values":[1,0,0,0,0,1,0,0,0,0,1,0,0.262,0.181,2.4528,1]},
{"frame":27,"values":[1,0,0,0,0,1,0,0,0,0,1,0,0.262,0.0984,2.3919,1]},
{"frame":28,"values":[1,0,0,0,0,1,0,0,0,0,1,0,0.262,-0.0423,2.288,1]},
{"frame":29,"values":[1,0,0,0,0,1,0,0,0,0,1,0,0.262,-0.2404,2.1417,1]},
{"frame":30,"values":[1,0,0,0,0,1,0,0,0,0,1,0,0.262,-0.4905,1.957,1]},
{"frame":31,"values":[1,0,0,0,0,1,0,0,0,0,1,0,0.262,-0.7823,1.7416,1]},
{"frame":32,"values":[1,0,0,0,0,1,0,0,0,0,1,0,0.262,-1.1011,1.5061,1]},
{"frame":33,"values":[1,0,0,0,0,1,0,0,0,0,1,0,0.262,-1.4305,1.2629,1]},
{"frame":34,"values":[1,0,0,0,0,1,0,0,0,0,1,0,0.262,-1.7548,1.0234,1]},
{"frame":35,"values":[1,0,0,0,0,1,0,0,0,0,1,0,0.262,-2.0616,0.7969,1]},
{"frame":36,"values":[1,0,0,0,0,1,0,0,0,0,1,0,0.262,-2.3422,0.5897,1]},
{"frame":37,"values":[1,0,0,0,0,1,0,0,0,0,1,0,0.262,-2.5919,0.4053,1]},
{"frame":38,"values":[1,0,0,0,0,1,0,0,0,0,1,0,0.262,-2.8252,0.233,1]},
{"frame":39,"values":[1,0,0,0,0,1,0,0,0,0,1,0,0.262,-3.0585,0.0608,1]},
{"frame":40,"values":[1,0,0,0,0,1,0,0,0,0,1,0,0.262,-3.2918,-0.1115,1]},
{"frame":41,"values":[1,0,0,0,0,1,0,0,0,0,1,0,0.262,-3.5251,-0.2838,1]},
{"frame":42,"values":[1,0,0,0,0,1,0,0,0,0,1,0,0.262,-3.7584,-0.456,1]},
{"frame":43,"values":[1,0,0,0,0,1,0,0,0,0,1,0,0.262,-3.9917,-0.6283,1]},
{"frame":44,"values":[1,0,0,0,0,1,0,0,0,0,1,0,0.262,-4.225,-0.8006,1]},
{"frame":45,"values":[1,0,0,0,0,1,0,0,0,0,1,0,0.262,-4.4583,-0.9728,1]},
{"frame":46,"values":[1,0,0,0,0,1,0,0,0,0,1,0,0.262,-4.6915,-1.1451,1]},
{"frame":47,"values":[1,0,0,0,0,1,0,0,0,0,1,0,0.262,-4.9248,-1.3174,1]},
{"frame":48,"values":[1,0,0,0,0,1,0,0,0,0,1,0,0.262,-5.1581,-1.4896,1]},
{"frame":49,"values":[1,0,0,0,0,1,0,0,0,0,1,0,0.262,-5.3914,-1.6619,1]},
{"frame":50,"values":[1,0,0,0,0,1,0,0,0,0,1,0,0.262,-5.6247,-1.8342,1]},
{"frame":51,"values":[1,0,0,0,0,1,0,0,0,0,1,0,0.262,-5.858,-2.0065,1]},
{"frame":52,"values":[1,0,0,0,0,1,0,0,0,0,1,0,0.262,-6.0913,-2.1787,1]},
{"frame":53,"values":[1,0,0,0,0,1,0,0,0,0,1,0,0.262,-6.3246,-2.351,1]},
{"frame":54,"values":[1,0,0,0,0,1,0,0,0,0,1,0,0.262,-6.5579,-2.5233,1]},
{"frame":55,"values":[1,0,0,0,0,1,0,0,0,0,1,0,0.262,-6.7912,-2.6955,1]},
{"frame":60,"values":[1,0,0,0,0,1,0,0,0,0,1,0,0.262,0.7245,0.9631,1]},
{"frame":120,"values":[1,0,0,0,0,1,0,0,0,0,1,0,0.262,0.7245,0.9631,1]},
{"frame":130,"values":[1,0,0,0,0,1,0,0,0,0,1,0,0.262,0.7245,0.9631,1]},
{"frame":230,"values":[1,0,0,0,0,1,0,0,0,0,1,0,0.262,0.7245,0.9631,1]},
{"frame":240,"values":[1,0,0,0,0,1,0,0,0,0,1,0,0.262,0.7245,0.9631,1]},
{"frame":265,"values":[1,0,0,0,0,1,0,0,0,0,1,0,0.262,0.7245,0.9631,1]},
{"frame":270,"values":[1,0,0,0,0,1,0,0,0,0,1,0,0.262,0.7245,0.9631,1]},
{"frame":300,"values":[1,0,0,0,0,1,0,0,0,0,1,0,0.262,0.7245,0.9631,1]},
{"frame":310,"values":[1,0,0,0,0,1,0,0,0,0,1,0,0.262,0.7245,0.9631,1]},
{"frame":328,"values":[1,0,0,0,0,1,0,0,0,0,1,0,0.262,0.7245,0.9631,1]},
{"frame":340,"values":[1,0,0,0,0,1,0,0,0,0,1,0,0.262,0.7245,0.9631,1]},
{"frame":355,"values":[1,0,0,0,0,1,0,0,0,0,1,0,0.262,0.7245,0.9631,1]},
{"frame":360,"values":[1,0,0,0,0,1,0,0,0,0,1,0,0.262,0.7245,0.9631,1]},
{"frame":361,"values":[1,0,0,0,0,0.9998,0.0196,0,0,-0.0196,0.9998,0,0.262,0.6761,0.9621,1]},
{"frame":362,"values":[1,0,0,0,0,0.9967,0.0816,0,0,-0.0816,0.9967,0,0.262,0.5316,0.9537,1]},
{"frame":363,"values":[1,0,0,0,0,0.9823,0.1875,0,0,-0.1875,0.9823,0,0.262,0.3041,0.9273,1]},
{"frame":364,"values":[1,0,0,0,0,0.9438,0.3306,0,0,-0.3306,0.9438,0,0.262,0.027,0.8704,1]},
{"frame":365,"values":[1,0,0,0,0,0.87,0.493,0,0,-0.493,0.87,0,0.262,-0.2501,0.7725,1]},
{"frame":366,"values":[1,0,0,0,0,0.7588,0.6513,0,0,-0.6513,0.7588,0,0.262,-0.4776,0.6292,1]},
{"frame":367,"values":[1,0,0,0,0,0.6178,0.7863,0,0,-0.7863,0.6178,0,0.262,-0.6222,0.4432,1]},
{"frame":368,"values":[1,0,0,0,0,0.4591,0.8884,0,0,-0.8884,0.4591,0,0.262,-0.6706,0.2211,1]},
{"frame":369,"values":[1,0,0,0,0,0.1999,0.9798,0,0,-0.9798,0.1999,0,0.262,-0.6615,-0.1234,1]},
{"frame":370,"values":[1,0,0,0,0,-0.257,0.9664,0,0,-0.9664,-0.257,0,0.262,-0.5826,-0.6453,1]},
{"frame":371,"values":[1,0,0,0,0,-0.7089,0.7053,0,0,-0.7053,-0.7089,0,0.262,-0.3388,-1.203,1]},
{"frame":372,"values":[1,0,0,0,0,-0.916,0.4011,0,0,-0.4011,-0.916,0,0.262,0.1286,-1.6023,1]},
{"frame":373,"values":[1,0,0,0,0,-0.9576,0.2882,0,0,-0.2882,-0.9576,0,0.262,0.799,-1.7381,1]},
{"frame":374,"values":[1,0,0,0,0,-0.5359,0.8443,0,0,-0.8443,-0.5359,0,0.262,2.3665,-1.2401,1]},
{"frame":375,"values":[1,0,0,0,0,0.3714,0.9285,0,0,-0.9285,0.3714,0,0.262,3.4931,-0.3237,1]},
{"frame":376,"values":[1,0,0,0,0,0.7249,0.6889,0,0,-0.6889,0.7249,0,0.262,3.271,0.5347,1]},
{"frame":377,"values":[1,0,0,0,0,0.9381,0.3463,0,0,-0.3463,0.9381,0,0.262,2.6443,1.5378,1]},
{"frame":378,"values":[1,0,0,0,0,0.9968,0.0805,0,0,-0.0805,0.9968,0,0.262,1.8937,2.3035,1]},
{"frame":379,"values":[1,0,0,0,0,1,-0.0058,0,0,0.0058,1,0,0.262,1.3591,2.5625,1]},
{"frame":380,"values":[1,0,0,0,0,1,-0.0044,0,0,0.0044,1,0,0.262,1.0122,2.1762,1]},
{"frame":381,"values":[1,0,0,0,0,1,-0.0014,0,0,0.0014,1,0,0.262,0.7867,1.3495,1]},
{"frame":382,"values":[1,0,0,0,0,1,0,0,0,0,1,0,0.262,0.7245,0.9631,1]},
{"frame":390,"values":[1,0,0,0,0,1,0,0,0,0,1,0,0.262,0.7245,0.9631,1]},
{"frame":411,"values":[1,0,0,0,0,1,0,0,0,0,1,0,0.262,0.7245,0.9631,1]},
{"frame":420,"values":[1,0,0,0,0,1,0,0,0,0,1,0,0.262,0.7245,0.9631,1]},
{"frame":441,"values":[1,0,0,0,0,1,0,0,0,0,1,0,0.262,0.7245,0.9631,1]},
{"frame":450,"values":[1,0,0,0,0,1,0,0,0,0,1,0,0.262,0.7245,0.9631,1]},
{"frame":463,"values":[1,0,0,0,0,1,0,0,0,0,1,0,0.262,0.7245,0.9631,1]},
{"frame":470,"values":[1,0,0,0,0,1,0,0,0,0,1,0,0.262,0.7245,0.9631,1]},
{"frame":493,"values":[1,0,0,0,0,1,0,0,0,0,1,0,0.262,0.7245,0.9631,1]},
{"frame":500,"values":[1,0,0,0,0,1,0,0,0,0,1,0,0.262,0.7245,0.9631,1]},
{"frame":531,"values":[1,0,0,0,0,1,0,0,0,0,1,0,0.262,0.7245,0.9631,1]},
{"frame":540,"values":[1,0,0,0,0,1,0,0,0,0,1,0,0.262,0.7245,0.9631,1]},
{"frame":565,"values":[1,0,0,0,0,1,0,0,0,0,1,0,0.262,0.7245,0.9631,1]},
{"frame":570,"values":[1,0,0,0,0,1,0,0,0,0,1,0,0.262,0.7245,0.9631,1]},
{"frame":615,"values":[1,0,0,0,0,1,0,0,0,0,1,0,0.262,0.7245,0.9631,1]},
{"frame":620,"values":[1,0,0,0,0,1,0,0,0,0,1,0,0.262,0.7245,0.9631,1]},
{"frame":650,"values":[1,0,0,0,0,1,0,0,0,0,1,0,0.262,0.7245,0.9631,1]},
{"frame":660,"values":[1,0,0,0,0,1,0,0,0,0,1,0,0.262,0.7245,0.9631,1]},
{"frame":690,"values":[1,0,0,0,0,1,0,0,0,0,1,0,0.262,0.7245,0.9631,1]},
{"frame":700,"values":[1,0,0,0,0,1,0,0,0,0,1,0,0.262,0.7245,0.9631,1]},
{"frame":701,"values":[1,0,0,0,0,1,0,0,0,0,1,0,0.262,0.7245,0.9631,1]}],"loopBehavior":1,"name":"anim","property":"_matrix"}},
{"name":"Body","index":3,"matrix":[1,0,0,0,0,1,0,0,0,0,1,0,0.0022,1.0167,0.0193,1],"rest":[1,0,0,0,0,1,0,0,0,0,1,0,0.0022,1.0167,0.0193,1],"parentBoneIndex":0,"length":0.1276
,"animation":{"dataType":3,"framePerSecond":24,"keys":[
{"frame":0,"values":[1,0,-0.0073,0,-0.0001,1,-0.001,0,0.0073,0.001,1,0,-0.003,0.9695,0.0924,1]},
{"frame":1,"values":[0.9995,0.0039,-0.0325,0,-0.0042,0.9999,-0.0107,0,0.0324,0.0108,0.9994,0,-0.002,0.9583,0.1086,1]},
{"frame":2,"values":[0.9984,0.0161,-0.0547,0,-0.0182,0.9991,-0.037,0,0.054,0.038,0.9978,0,0.0018,0.9122,0.1742,1]},
{"frame":3,"values":[0.9967,0.0305,-0.0753,0,-0.0357,0.9971,-0.0678,0,0.073,0.0703,0.9949,0,0.0089,0.8154,0.2982,1]},
{"frame":4,"values":[0.9948,0.0352,-0.096,0,-0.0428,0.996,-0.0787,0,0.0929,0.0824,0.9923,0,0.012,0.7301,0.3513,1]},
{"frame":5,"values":[0.9925,0.0298,-0.1189,0,-0.0352,0.9984,-0.0436,0,0.1174,0.0475,0.9919,0,-0.003,0.6451,0.3215,1]},
{"frame":6,"values":[0.9898,0.0208,-0.1411,0,-0.015,0.999,0.0422,0,0.1419,-0.0397,0.9891,0,-0.035,0.5535,0.2578,1]},
{"frame":7,"values":[0.9878,0.018,-0.1546,0,-0.0005,0.9937,0.1121,0,0.1556,-0.1107,0.9816,0,-0.05,0.517,0.228,1]},
{"frame":8,"values":[0.9866,0.0193,-0.1621,0,0.0059,0.9881,0.1536,0,0.1632,-0.1525,0.9747,0,-0.0493,0.5152,0.2283,1]},
{"frame":9,"values":[0.9854,0.0205,-0.1687,0,0.0115,0.9824,0.1865,0,0.1696,-0.1857,0.9679,0,-0.0471,0.5138,0.2293,1]},
{"frame":10,"values":[0.9844,0.0214,-0.1745,0,0.0164,0.977,0.2125,0,0.175,-0.212,0.9615,0,-0.0439,0.5128,0.2313,1]},
{"frame":11,"values":[0.9835,0.0223,-0.1794,0,0.0205,0.9722,0.2331,0,0.1796,-0.2329,0.9558,0,-0.0397,0.5121,0.2344,1]},
{"frame":12,"values":[0.9827,0.023,-0.1837,0,0.0241,0.968,0.2498,0,0.1835,-0.2499,0.9507,0,-0.0347,0.5116,0.2389,1]},
{"frame":13,"values":[0.982,0.0236,-0.1872,0,0.0271,0.9642,0.2638,0,0.1868,-0.2641,0.9462,0,-0.0292,0.5113,0.2449,1]},
{"frame":14,"values":[0.9814,0.0243,-0.1902,0,0.0298,0.9606,0.2763,0,0.1894,-0.2768,0.9421,0,-0.0233,0.5111,0.2526,1]},
{"frame":15,"values":[0.981,0.025,-0.1926,0,0.0322,0.957,0.2883,0,0.1915,-0.289,0.938,0,-0.0171,0.5111,0.262,1]},
{"frame":16,"values":[0.9806,0.0259,-0.1944,0,0.0345,0.953,0.3009,0,0.1931,-0.3017,0.9336,0,-0.0109,0.511,0.2733,1]},
{"frame":17,"values":[0.9803,0.0271,-0.1958,0,0.0367,0.9485,0.3147,0,0.1942,-0.3157,0.9288,0,-0.0048,0.511,0.2867,1]},
{"frame":18,"values":[0.9801,0.0285,-0.1967,0,0.039,0.9429,0.3307,0,0.1949,-0.3318,0.923,0,0.0012,0.511,0.3021,1]},
{"frame":19,"values":[0.9799,0.0303,-0.1971,0,0.0414,0.9361,0.3493,0,0.1951,-0.3505,0.916,0,0.0069,0.5109,0.3196,1]},
{"frame":20,"values":[0.9798,0.0324,-0.1971,0,0.044,0.9275,0.3712,0,0.1949,-0.3724,0.9074,0,0.0122,0.5108,0.3394,1]},
{"frame":21,"values":[0.9798,0.035,-0.1967,0,0.0469,0.9168,0.3966,0,0.1942,-0.3978,0.8967,0,0.017,0.5105,0.3613,1]},
{"frame":22,"values":[0.9799,0.038,-0.1958,0,0.05,0.9034,0.4259,0,0.1931,-0.4271,0.8833,0,0.0212,0.51,0.3856,1]},
{"frame":23,"values":[0.98,0.0415,-0.1945,0,0.0536,0.8868,0.459,0,0.1915,-0.4602,0.8669,0,0.0248,0.5094,0.4121,1]},
{"frame":24,"values":[0.9802,0.0454,-0.1927,0,0.0574,0.8665,0.4959,0,0.1894,-0.4971,0.8467,0,0.0276,0.5087,0.4409,1]},
{"frame":25,"values":[0.9805,0.0496,-0.1903,0,0.0615,0.8418,0.5363,0,0.1868,-0.5376,0.8223,0,0.0297,0.5077,0.472,1]},
{"frame":26,"values":[0.9808,0.0542,-0.1875,0,0.066,0.8121,0.5798,0,0.1837,-0.581,0.7929,0,0.031,0.5065,0.5053,1]},
{"frame":27,"values":[0.9811,0.0591,-0.184,0,0.0706,0.7769,0.6257,0,0.1799,-0.6269,0.7581,0,0.0315,0.5051,0.541,1]},
{"frame":28,"values":[0.9832,0.0645,-0.171,0,0.0726,0.7209,0.6893,0,0.1678,-0.6901,0.704,0,0.0299,0.49,0.5889,1]},
{"frame":29,"values":[0.9879,0.0683,-0.1394,0,0.0668,0.6237,0.7788,0,0.1402,-0.7787,0.6116,0,0.0253,0.4482,0.6573,1]},
{"frame":30,"values":[0.9935,0.0651,-0.0929,0,0.0499,0.4851,0.873,0,0.1019,-0.872,0.4787,0,0.0182,0.3854,0.7394,1]},
{"frame":31,"values":[0.9978,0.052,-0.0419,0,0.0227,0.3256,0.9452,0,0.0628,-0.9441,0.3237,0,0.0102,0.3146,0.822,1]},
{"frame":32,"values":[0.9994,0.0333,0.0005,0,-0.0066,0.1839,0.9829,0,0.0326,-0.9824,0.184,0,0.0032,0.2524,0.8899,1]},
{"frame":33,"values":[0.9995,0.0179,0.0266,0,-0.0281,0.0919,0.9954,0,0.0153,-0.9956,0.0924,0,-0.0014,0.2117,0.9327,1]},
{"frame":34,"values":[0.9993,0.0122,0.035,0,-0.0357,0.0613,0.9975,0,0.01,-0.998,0.0617,0,-0.003,0.1979,0.9467,1]},
{"frame":55,"values":[0.9993,0.0122,0.035,0,-0.0357,0.0613,0.9975,0,0.01,-0.998,0.0617,0,-0.003,0.1979,0.9467,1]},
{"frame":60,"values":[1,0,0,0,0,1,0,0,0,0,1,0,0.0022,0.9307,0.0193,1]},
{"frame":61,"values":[1,0,0,0,0,1,0.0048,0,0,-0.0048,1,0,0.0022,0.9305,0.0163,1]},
{"frame":62,"values":[1,0,0,0,0,0.9998,0.0194,0,0,-0.0194,0.9998,0,0.0022,0.9298,0.0074,1]},
{"frame":63,"values":[1,0,0,0,0,0.9991,0.0431,0,0,-0.0431,0.9991,0,0.0022,0.9287,-0.0071,1]},
{"frame":64,"values":[1,0,0,0,0,0.9973,0.0741,0,0,-0.0741,0.9973,0,0.0022,0.9272,-0.0261,1]},
{"frame":65,"values":[1,0,0,0,0,0.994,0.1091,0,0,-0.1091,0.994,0,0.0022,0.9255,-0.0476,1]},
{"frame":66,"values":[1,0,0,0,0,0.9896,0.144,0,0,-0.144,0.9896,0,0.0022,0.9239,-0.0691,1]},
{"frame":67,"values":[1,0,0,0,0,0.9846,0.1747,0,0,-0.1747,0.9846,0,0.0022,0.9224,-0.0881,1]},
{"frame":68,"values":[1,0,0,0,0,0.9802,0.198,0,0,-0.198,0.9802,0,0.0022,0.9213,-0.1026,1]},
{"frame":69,"values":[1,0,0,0,0,0.9772,0.2122,0,0,-0.2122,0.9772,0,0.0022,0.9206,-0.1116,1]},
{"frame":70,"values":[1,0,0,0,0,0.9762,0.217,0,0,-0.217,0.9762,0,0.0022,0.9204,-0.1145,1]},
{"frame":71,"values":[1,0,0,0,0,0.9762,0.2168,0,0,-0.2168,0.9762,0,0.0022,0.9204,-0.1144,1]},
{"frame":72,"values":[1,0,0,0,0,0.9763,0.2162,0,0,-0.2162,0.9763,0,0.0022,0.9204,-0.1141,1]},
{"frame":73,"values":[1,0,0,0,0,0.9766,0.2153,0,0,-0.2153,0.9766,0,0.0022,0.9205,-0.1135,1]},
{"frame":74,"values":[1,0,0,0,0,0.9768,0.2139,0,0,-0.2139,0.9768,0,0.0022,0.9205,-0.1126,1]},
{"frame":75,"values":[1,0,0,0,0,0.9772,0.2122,0,0,-0.2122,0.9772,0,0.0022,0.9206,-0.1116,1]},
{"frame":76,"values":[1,0,0,0,0,0.9777,0.2101,0,0,-0.2101,0.9777,0,0.0022,0.9207,-0.1103,1]},
{"frame":77,"values":[1,0,0,0,0,0.9782,0.2077,0,0,-0.2077,0.9782,0,0.0022,0.9208,-0.1087,1]},
{"frame":78,"values":[1,0,0,0,0,0.9788,0.2048,0,0,-0.2048,0.9788,0,0.0022,0.921,-0.1069,1]},
{"frame":79,"values":[1,0,0,0,0,0.9795,0.2016,0,0,-0.2016,0.9795,0,0.0022,0.9211,-0.1049,1]},
