{"producer":{"name":"Blender","version":"2.81 (sub 16)","exporter_version":"6.2.3","file":"Zebra.babylon"},
"autoClear":true,"clearColor":[1,1,1],"gravity":[0,-9.81,0],
"materials":[{"name":"White","id":"White","customType":"BABYLON.StandardMaterial","backFaceCulling":true,"checkReadyOnlyOnce":false,"maxSimultaneousLights":4,"diffuseColor":[0.8,0.8,0.8],"specularColor":[0.5,0.5,0.5]},
{"name":"Black","id":"Black","customType":"BABYLON.StandardMaterial","backFaceCulling":true,"checkReadyOnlyOnce":false,"maxSimultaneousLights":4,"diffuseColor":[0.0291,0.0291,0.0291],"specularColor":[0.5,0.5,0.5]}],
"multiMaterials":[{"name":"Zebra.Multimaterial#0","id":"Zebra.Multimaterial#0","materials":["White","Black"]}],
"skeletons":[{"name":"Armature","id":0,"dimensionsAtRest":[1.7928,6.2165,8.646],"bones":[
{"name":"root","index":0,"matrix":[1,0,0,0,0,1,0,0,0,0,-1,0,0,0,0,1],"rest":[1,0,0,0,0,1,0,0,0,0,-1,0,0,0,0,1],"parentBoneIndex":-1,"length":0.7
,"animation":{"dataType":3,"framePerSecond":24,"keys":[
{"frame":0,"values":[1,0,0,0,0,1,0,0,0,0,-1,0,0,0,0,1]},
{"frame":26,"values":[1,0,0,0,0,1,0,0,0,0,-1,0,0,0,0,1]},
{"frame":40,"values":[1,0,0,0,0,1,0,0,0,0,-1,0,0,0,0,1]},
{"frame":190,"values":[1,0,0,0,0,1,0,0,0,0,-1,0,0,0,0,1]},
{"frame":200,"values":[1,0,0,0,0,1,0,0,0,0,-1,0,0,0,0,1]},
{"frame":236,"values":[1,0,0,0,0,1,0,0,0,0,-1,0,0,0,0,1]},
{"frame":250,"values":[1,0,0,0,0,1,0,0,0,0,-1,0,0,0,0,1]},
{"frame":270,"values":[1,0,0,0,0,1,0,0,0,0,-1,0,0,0,0,1]},
{"frame":280,"values":[1,0,0,0,0,1,0,0,0,0,-1,0,0,0,0,1]},
{"frame":344,"values":[1,0,0,0,0,1,0,0,0,0,-1,0,0,0,0,1]},
{"frame":350,"values":[1,0,0,0,0,1,0,0,0,0,-1,0,0,0,0,1]},
{"frame":398,"values":[1,0,0,0,0,1,0,0,0,0,-1,0,0,0,0,1]},
{"frame":410,"values":[1,0,0,0,0,1,0,0,0,0,-1,0,0,0,0,1]},
{"frame":411,"values":[1,0,0,0,0,1,0,0,0,0,-1,0,0,0,0,1]}],"loopBehavior":1,"name":"anim","property":"_matrix"}},
{"name":"FrontFoot.R","index":1,"matrix":[1,0,0,0,0,0,1,0,0,-1,0,0,-0.9118,0.1,1.927,1],"rest":[1,0,0,0,0,0,1,0,0,-1,0,0,-0.9118,0.1,1.927,1],"parentBoneIndex":0,"length":1
,"animation":{"dataType":3,"framePerSecond":24,"keys":[
{"frame":0,"values":[1,0,0,0,0,0,1,0,0,-1,0,0,-0.9118,0.1,1.927,1]},
{"frame":1,"values":[1,-0.0047,0,0,0,0,1,0,-0.0047,-1,0,0,-0.901,0.1017,1.927,1]},
{"frame":2,"values":[0.9998,-0.0191,0,0,0,0,1,0,-0.0191,-0.9998,0,0,-0.8683,0.1069,1.927,1]},
{"frame":3,"values":[0.9991,-0.0433,0,0,0,0,1,0,-0.0433,-0.9991,0,0,-0.8139,0.1155,1.927,1]},
{"frame":4,"values":[0.997,-0.0776,0,0,0,0,1,0,-0.0776,-0.997,0,0,-0.7386,0.1274,1.927,1]},
{"frame":5,"values":[0.9925,-0.122,0,0,0,0,1,0,-0.122,-0.9925,0,0,-0.6444,0.1423,1.927,1]},
{"frame":6,"values":[0.9843,-0.1766,0,0,0,0,1,0,-0.1766,-0.9843,0,0,-0.5345,0.1597,1.927,1]},
{"frame":7,"values":[0.9706,-0.2407,0,0,0,0,1,0,-0.2407,-0.9706,0,0,-0.4131,0.1789,1.927,1]},
{"frame":8,"values":[0.9496,-0.3135,0,0,0,0,1,0,-0.3135,-0.9496,0,0,-0.2858,0.199,1.927,1]},
{"frame":9,"values":[0.9194,-0.3933,0,0,0,0,1,0,-0.3933,-0.9194,0,0,-0.1584,0.2192,1.927,1]},
{"frame":10,"values":[0.8786,-0.4776,0,0,0,0,1,0,-0.4776,-0.8786,0,0,-0.037,0.2384,1.927,1]},
{"frame":11,"values":[0.8261,-0.5635,0,0,0,0,1,0,-0.5635,-0.8261,0,0,0.0729,0.2558,1.927,1]},
{"frame":12,"values":[0.7622,-0.6474,0,0,0,0,1,0,-0.6474,-0.7622,0,0,0.1671,0.2707,1.927,1]},
{"frame":13,"values":[0.6879,-0.7258,0,0,0,0,1,0,-0.7258,-0.6879,0,0,0.2424,0.2826,1.927,1]},
{"frame":14,"values":[0.6056,-0.7958,0,0,0,0,1,0,-0.7958,-0.6056,0,0,0.2968,0.2912,1.927,1]},
{"frame":15,"values":[0.5184,-0.8551,0,0,0,0,1,0,-0.8551,-0.5184,0,0,0.3295,0.2964,1.927,1]},
{"frame":16,"values":[0.4299,-0.9029,0,0,0,0,1,0,-0.9029,-0.4299,0,0,0.3403,0.2981,1.927,1]},
{"frame":17,"values":[0.3435,-0.9392,0,0,0,0,1,0,-0.9392,-0.3435,0,0,0.3403,0.2981,1.927,1]},
{"frame":18,"values":[0.2622,-0.965,0,0,0,0,1,0,-0.965,-0.2622,0,0,0.3403,0.2981,1.927,1]},
{"frame":19,"values":[0.1884,-0.9821,0,0,0,0,1,0,-0.9821,-0.1884,0,0,0.3403,0.2981,1.927,1]},
{"frame":20,"values":[0.1236,-0.9923,0,0,0,0,1,0,-0.9923,-0.1236,0,0,0.3403,0.2981,1.927,1]},
{"frame":21,"values":[0.0687,-0.9976,0,0,0,0,1,0,-0.9976,-0.0687,0,0,0.3403,0.2981,1.927,1]},
{"frame":22,"values":[0.024,-0.9997,0,0,0,0,1,0,-0.9997,-0.024,0,0,0.3403,0.2981,1.927,1]},
{"frame":23,"values":[-0.0103,-0.9999,0,0,0,0,1,0,-0.9999,0.0103,0,0,0.3403,0.2981,1.927,1]},
{"frame":24,"values":[-0.0345,-0.9994,0,0,0,0,1,0,-0.9994,0.0345,0,0,0.3403,0.2981,1.927,1]},
{"frame":25,"values":[-0.0489,-0.9988,0,0,0,0,1,0,-0.9988,0.0489,0,0,0.3403,0.2981,1.927,1]},
{"frame":26,"values":[-0.0536,-0.9986,0,0,0,0,1,0,-0.9986,0.0536,0,0,0.3403,0.2981,1.927,1]},
{"frame":40,"values":[1,0,0,0,0,0,1,0,0,-1,0,0,-0.9118,0.1,1.927,1]},
{"frame":190,"values":[1,0,0,0,0,0,1,0,0,-1,0,0,-0.9118,0.1,1.927,1]},
{"frame":200,"values":[1,0,0,0,0,0,1,0,0,-1,0,0,-0.9118,0.1,1.927,1]},
{"frame":207,"values":[1,0,0,0,0,0.0341,0.9994,0,0,-0.9994,0.0341,0,-0.9118,0.1996,2.0515,1]},
{"frame":208,"values":[1,0,0,0,0,0.1358,0.9907,0,0,-0.9907,0.1358,0,-0.9118,0.4944,2.4236,1]},
{"frame":209,"values":[1,0,0,0,0,0.2899,0.957,0,0,-0.957,0.2899,0,-0.9118,0.9434,3.0007,1]},
{"frame":210,"values":[1,0,0,0,0,0.4569,0.8895,0,0,-0.8895,0.4569,0,-0.9118,1.4528,3.6743,1]},
{"frame":211,"values":[1,0,0,0,0,0.5912,0.8066,0,0,-0.8066,0.5912,0,-0.9118,1.9018,4.3003,1]},
{"frame":212,"values":[1,0,0,0,0,0.6703,0.7421,0,0,-0.7421,0.6703,0,-0.9118,2.1965,4.7616,1]},
{"frame":213,"values":[1,0,0,0,0,0.6952,0.7188,0,0,-0.7188,0.6952,0,-0.9118,2.2962,5.0034,1]},
{"frame":214,"values":[1,0,0,0,0,0.6524,0.7579,0,0,-0.7579,0.6524,0,-0.9118,2.2556,5.1172,1]},
{"frame":215,"values":[1,0,0,0,0,0.5186,0.855,0,0,-0.855,0.5186,0,-0.9118,2.1227,5.1965,1]},
{"frame":216,"values":[1,0,0,0,0,0.3249,0.9457,0,0,-0.9457,0.3249,0,-0.9118,1.9015,5.2379,1]},
{"frame":217,"values":[1,0,0,0,0,0.1647,0.9863,0,0,-0.9863,0.1647,0,-0.9118,1.631,5.2513,1]},
{"frame":218,"values":[1,0,0,0,0,0.1073,0.9942,0,0,-0.9942,0.1073,0,-0.9118,1.3564,5.2528,1]},
{"frame":219,"values":[1,0,0,0,0,0.1663,0.9861,0,0,-0.9861,0.1663,0,-0.9118,1.0027,5.2524,1]},
{"frame":220,"values":[1,0,0,0,0,0.2907,0.9568,0,0,-0.9568,0.2907,0,-0.9118,0.5803,5.2485,1]},
{"frame":221,"values":[1,0,0,0,0,0.3472,0.9378,0,0,-0.9378,0.3472,0,-0.9118,0.3217,5.239,1]},
{"frame":222,"values":[1,0,0,0,0,0.301,0.9536,0,0,-0.9536,0.301,0,-0.9118,0.1998,5.1815,1]},
{"frame":223,"values":[1,0,0,0,0,0.1764,0.9843,0,0,-0.9843,0.1764,0,-0.9118,0.1277,5.0237,1]},
{"frame":224,"values":[1,0,0,0,0,0.0489,0.9988,0,0,-0.9988,0.0489,0,-0.9118,0.1028,4.7953,1]},
{"frame":225,"values":[1,0,0,0,0,0,1,0,0,-1,0,0,-0.9118,0.1,4.5592,1]},
{"frame":226,"values":[1,0,0,0,0,0,1,0,0,-1,0,0,-0.9118,0.1,4.3159,1]},
{"frame":227,"values":[1,0,0,0,0,0,1,0,0,-1,0,0,-0.9118,0.1,4.0362,1]},
{"frame":228,"values":[1,0,0,0,0,0,1,0,0,-1,0,0,-0.9118,0.1,3.7312,1]},
{"frame":229,"values":[1,0,0,0,0,0,1,0,0,-1,0,0,-0.9118,0.1,3.4237,1]},
{"frame":230,"values":[1,0,0,0,0,0,1,0,0,-1,0,0,-0.9118,0.1,3.1373,1]},
{"frame":231,"values":[1,0,0,0,0,0,1,0,0,-1,0,0,-0.9118,0.1,2.8843,1]},
{"frame":232,"values":[1,0,0,0,0,0,1,0,0,-1,0,0,-0.9118,0.1,2.6305,1]},
{"frame":233,"values":[1,0,0,0,0,0,1,0,0,-1,0,0,-0.9118,0.1,2.3597,1]},
{"frame":234,"values":[1,0,0,0,0,0,1,0,0,-1,0,0,-0.9118,0.1,2.1234,1]},
{"frame":235,"values":[1,0,0,0,0,0,1,0,0,-1,0,0,-0.9118,0.1,1.9741,1]},
{"frame":236,"values":[1,0,0,0,0,0,1,0,0,-1,0,0,-0.9118,0.1,1.927,1]},
{"frame":250,"values":[1,0,0,0,0,0,1,0,0,-1,0,0,-0.9118,0.1,0.8239,1]},
{"frame":251,"values":[1,0,0,0,0,-0.2817,0.9595,0,0,-0.9595,-0.2817,0,-0.8314,0.4345,0.567,1]},
{"frame":252,"values":[1,0,0,0,0,-0.6698,0.7426,0,0,-0.7426,-0.6698,0,-0.6796,0.8711,0.1861,1]},
{"frame":253,"values":[1,0,0,0,0,-0.8539,0.5204,0,0,-0.5204,-0.8539,0,-0.5356,1.0183,-0.0118,1]},
{"frame":254,"values":[1,0,0,0,0,-0.9684,0.2495,0,0,-0.2495,-0.9684,0,-0.3599,1.1075,-0.17,1]},
{"frame":255,"values":[1,0,0,0,0,-1,-0.0018,0,0,0.0018,-1,0,-0.1919,1.1489,-0.273,1]},
{"frame":256,"values":[1,0,0,0,0,-0.9869,-0.1616,0,0,0.1616,-0.9869,0,-0.079,1.1737,-0.322,1]},
{"frame":257,"values":[1,0,0,0,0,-0.9774,-0.2116,0,0,0.2116,-0.9774,0,-0.042,1.2113,-0.3342,1]},
{"frame":258,"values":[1,0,0,0,0,-0.986,-0.1665,0,0,0.1665,-0.986,0,-0.1398,1.2566,0.2281,1]},
{"frame":259,"values":[1,0,0,0,0,-0.9984,0.0571,0,0,-0.0571,-0.9984,0,-0.3648,1.273,1.2814,1]},
{"frame":260,"values":[1,0,0,0,0,-0.6443,0.7648,0,0,-0.7648,-0.6443,0,-0.702,1.0664,2.2263,1]},
{"frame":261,"values":[1,0,0,0,0,0,1,0,0,-1,0,0,-0.9118,0.7345,3.0203,1]},
{"frame":262,"values":[1,0,0,0,0,0.1172,0.9931,0,0,-0.9931,0.1172,0,-0.9118,0.5092,3.5559,1]},
{"frame":263,"values":[1,0,0,0,0,0.1858,0.9826,0,0,-0.9826,0.1858,0,-0.9118,0.292,3.9464,1]},
{"frame":264,"values":[1,0,0,0,0,0.2096,0.9778,0,0,-0.9778,0.2096,0,-0.9118,0.1458,4.1437,1]},
{"frame":265,"values":[1,0,0,0,0,0.2124,0.9772,0,0,-0.9772,0.2124,0,-0.9118,0.1,4.1917,1]},
{"frame":266,"values":[1,0,0,0,0,0,1,0,0,-1,0,0,-0.9118,0.1,3.8924,1]},
{"frame":267,"values":[1,0,0,0,0,0,1,0,0,-1,0,0,-0.9118,0.1,3.0492,1]},
{"frame":268,"values":[1,0,0,0,0,0,1,0,0,-1,0,0,-0.9118,0.1,1.9665,1]},
{"frame":269,"values":[1,0,0,0,0,0,1,0,0,-1,0,0,-0.9118,0.1,1.1233,1]},
{"frame":270,"values":[1,0,0,0,0,0,1,0,0,-1,0,0,-0.9118,0.1,0.8239,1]},
{"frame":280,"values":[1,0,0,0,0,0,1,0,0,-1,0,0,-0.9118,0.1,0.6467,1]},
{"frame":281,"values":[1,0,0,0,0,-0.3108,0.9505,0,0,-0.9505,-0.3108,0,-0.9118,0.2015,0.6019,1]},
{"frame":282,"values":[1,0,0,0,0,-0.8591,0.5117,0,0,-0.5117,-0.8591,0,-0.9118,0.4186,0.5059,1]},
{"frame":283,"values":[1,0,0,0,0,-0.9756,0.2194,0,0,-0.2194,-0.9756,0,-0.9118,0.5201,0.4611,1]},
{"frame":284,"values":[1,0,0,0,0,-0.9756,0.2194,0,0,-0.2194,-0.9756,0,-0.9118,0.5201,0.5128,1]},
{"frame":285,"values":[1,0,0,0,0,-0.9756,0.2197,0,0,-0.2197,-0.9756,0,-0.9118,0.5198,0.6711,1]},
{"frame":286,"values":[1,0,0,0,0,-0.9754,0.2206,0,0,-0.2206,-0.9754,0,-0.9118,0.5187,0.9301,1]},
{"frame":287,"values":[1,0,0,0,0,-0.9749,0.2227,0,0,-0.2227,-0.9749,0,-0.9118,0.5165,1.2641,1]},
{"frame":288,"values":[1,0,0,0,0,-0.9741,0.2261,0,0,-0.2261,-0.9741,0,-0.9118,0.5126,1.6289,1]},
{"frame":289,"values":[1,0,0,0,0,-0.9729,0.2312,0,0,-0.2312,-0.9729,0,-0.9118,0.5069,1.9753,1]},
{"frame":290,"values":[1,0,0,0,0,-0.9713,0.2377,0,0,-0.2377,-0.9713,0,-0.9118,0.4996,2.2665,1]},
{"frame":291,"values":[1,0,0,0,0,-0.9694,0.2456,0,0,-0.2456,-0.9694,0,-0.9118,0.4908,2.4835,1]},
{"frame":292,"values":[1,0,0,0,0,-0.9455,0.3256,0,0,-0.3256,-0.9455,0,-0.9118,0.4595,2.6577,1]},
{"frame":293,"values":[1,0,0,0,0,-0.8433,0.5375,0,0,-0.5375,-0.8433,0,-0.9118,0.3867,2.8171,1]},
{"frame":294,"values":[1,0,0,0,0,-0.6082,0.7938,0,0,-0.7938,-0.6082,0,-0.9118,0.2872,2.9476,1]},
{"frame":295,"values":[1,0,0,0,0,-0.3015,0.9535,0,0,-0.9535,-0.3015,0,-0.9118,0.1898,3.0376,1]},
{"frame":296,"values":[1,0,0,0,0,-0.0758,0.9971,0,0,-0.9971,-0.0758,0,-0.9118,0.1229,3.0857,1]},
{"frame":297,"values":[1,0,0,0,0,0,1,0,0,-1,0,0,-0.9118,0.1,3.0995,1]},
{"frame":298,"values":[1,0,0,0,0,0,1,0,0,-1,0,0,-0.9118,0.1,3.0754,1]},
{"frame":299,"values":[1,0,0,0,0,0,1,0,0,-1,0,0,-0.9118,0.1,3.0026,1]},
{"frame":300,"values":[1,0,0,0,0,0,1,0,0,-1,0,0,-0.9118,0.1,2.8814,1]},
{"frame":301,"values":[1,0,0,0,0,0,1,0,0,-1,0,0,-0.9118,0.1,2.7145,1]},
{"frame":302,"values":[1,0,0,0,0,0,1,0,0,-1,0,0,-0.9118,0.1,2.507,1]},
{"frame":303,"values":[1,0,0,0,0,0,1,0,0,-1,0,0,-0.9118,0.1,2.2673,1]},
{"frame":304,"values":[1,0,0,0,0,0,1,0,0,-1,0,0,-0.9118,0.1,2.0069,1]},
{"frame":305,"values":[1,0,0,0,0,0,1,0,0,-1,0,0,-0.9118,0.1,1.7393,1]},
{"frame":306,"values":[1,0,0,0,0,0,1,0,0,-1,0,0,-0.9118,0.1,1.4788,1]},
{"frame":307,"values":[1,0,0,0,0,0,1,0,0,-1,0,0,-0.9118,0.1,1.2392,1]},
{"frame":308,"values":[1,0,0,0,0,0,1,0,0,-1,0,0,-0.9118,0.1,1.0317,1]},
{"frame":309,"values":[1,0,0,0,0,0,1,0,0,-1,0,0,-0.9118,0.1,0.8647,1]},
{"frame":310,"values":[1,0,0,0,0,0,1,0,0,-1,0,0,-0.9118,0.1,0.7436,1]},
{"frame":311,"values":[1,0,0,0,0,0,1,0,0,-1,0,0,-0.9118,0.1,0.6708,1]},
{"frame":312,"values":[1,0,0,0,0,0,1,0,0,-1,0,0,-0.9118,0.1,0.6467,1]},
{"frame":344,"values":[1,0,0,0,0,0,1,0,0,-1,0,0,-0.9118,0.1,0.6467,1]},
{"frame":350,"values":[1,0,0,0,0,0,1,0,0,-1,0,0,-0.9118,0.1,1.2243,1]},
{"frame":351,"values":[1,0,0,0,0,0,1,0,0,-1,0,0,-0.9118,0.1,1.1686,1]},
{"frame":352,"values":[1,0,0,0,0,0,1,0,0,-1,0,0,-0.9118,0.1,1.0229,1]},
{"frame":353,"values":[1,0,0,0,0,0,1,0,0,-1,0,0,-0.9118,0.1,0.8772,1]},
{"frame":354,"values":[1,0,0,0,0,0,1,0,0,-1,0,0,-0.9118,0.1,0.8215,1]},
{"frame":355,"values":[1,0,0,0,0,-0.0402,0.9992,0,0,-0.9992,-0.0402,0,-0.9118,0.1323,0.8221,1]},
{"frame":356,"values":[1,0,0,0,0,-0.1017,0.9948,0,0,-0.9948,-0.1017,0,-0.9118,0.2003,0.8269,1]},
{"frame":357,"values":[1,0,0,0,0,-0.136,0.9907,0,0,-0.9907,-0.136,0,-0.9118,0.2701,0.8498,1]},
{"frame":358,"values":[1,0,0,0,0,-0.166,0.9861,0,0,-0.9861,-0.166,0,-0.9118,0.3564,0.9074,1]},
{"frame":359,"values":[1,0,0,0,0,-0.1915,0.9815,0,0,-0.9815,-0.1915,0,-0.9118,0.4542,1.0011,1]},
{"frame":360,"values":[1,0,0,0,0,-0.2124,0.9772,0,0,-0.9772,-0.2124,0,-0.9118,0.554,1.1273,1]},
{"frame":361,"values":[1,0,0,0,0,-0.2297,0.9733,0,0,-0.9733,-0.2297,0,-0.9118,0.6438,1.2757,1]},
{"frame":362,"values":[1,0,0,0,0,-0.2448,0.9696,0,0,-0.9696,-0.2448,0,-0.9118,0.713,1.433,1]},
{"frame":363,"values":[1,0,0,0,0,-0.2591,0.9659,0,0,-0.9659,-0.2591,0,-0.9118,0.7559,1.5871,1]},
{"frame":364,"values":[1,0,0,0,0,-0.2736,0.9618,0,0,-0.9618,-0.2736,0,-0.9118,0.7717,1.7302,1]},
{"frame":365,"values":[1,0,0,0,0,-0.2883,0.9575,0,0,-0.9575,-0.2883,0,-0.9118,0.7742,1.8746,1]},
{"frame":366,"values":[1,0,0,0,0,-0.3023,0.9532,0,0,-0.9532,-0.3023,0,-0.9118,0.7763,2.0349,1]},
{"frame":367,"values":[1,0,0,0,0,-0.315,0.9491,0,0,-0.9491,-0.315,0,-0.9118,0.7779,2.2082,1]},
{"frame":368,"values":[1,0,0,0,0,-0.3257,0.9455,0,0,-0.9455,-0.3257,0,-0.9118,0.779,2.3878,1]},
{"frame":369,"values":[1,0,0,0,0,-0.3338,0.9426,0,0,-0.9426,-0.3338,0,-0.9118,0.7796,2.5644,1]},
{"frame":370,"values":[1,0,0,0,0,-0.3392,0.9407,0,0,-0.9407,-0.3392,0,-0.9118,0.7799,2.7292,1]},
{"frame":371,"values":[1,0,0,0,0,-0.3421,0.9397,0,0,-0.9397,-0.3421,0,-0.9118,0.78,2.8765,1]},
{"frame":372,"values":[1,0,0,0,0,-0.343,0.9393,0,0,-0.9393,-0.343,0,-0.9118,0.78,3.0047,1]},
{"frame":373,"values":[1,0,0,0,0,-0.3226,0.9465,0,0,-0.9465,-0.3226,0,-0.9118,0.738,3.1247,1]},
{"frame":374,"values":[1,0,0,0,0,-0.2624,0.965,0,0,-0.965,-0.2624,0,-0.9118,0.6157,3.2416,1]},
{"frame":375,"values":[1,0,0,0,0,-0.1739,0.9848,0,0,-0.9848,-0.1739,0,-0.9118,0.44,3.3437,1]},
{"frame":376,"values":[1,0,0,0,0,-0.0841,0.9965,0,0,-0.9965,-0.0841,0,-0.9118,0.2643,3.4187,1]},
{"frame":377,"values":[1,0,0,0,0,-0.0215,0.9998,0,0,-0.9998,-0.0215,0,-0.9118,0.142,3.4612,1]},
{"frame":378,"values":[1,0,0,0,0,0,1,0,0,-1,0,0,-0.9118,0.1,3.474,1]},
{"frame":379,"values":[1,0,0,0,0,0,1,0,0,-1,0,0,-0.9118,0.1,3.4616,1]},
{"frame":380,"values":[1,0,0,0,0,0,1,0,0,-1,0,0,-0.9118,0.1,3.4241,1]},
{"frame":381,"values":[1,0,0,0,0,0,1,0,0,-1,0,0,-0.9118,0.1,3.3614,1]},
{"frame":382,"values":[1,0,0,0,0,0,1,0,0,-1,0,0,-0.9118,0.1,3.274,1]},
{"frame":383,"values":[1,0,0,0,0,0,1,0,0,-1,0,0,-0.9118,0.1,3.1629,1]},
{"frame":384,"values":[1,0,0,0,0,0,1,0,0,-1,0,0,-0.9118,0.1,3.03,1]},
{"frame":385,"values":[1,0,0,0,0,0,1,0,0,-1,0,0,-0.9118,0.1,2.878,1]},
{"frame":386,"values":[1,0,0,0,0,0,1,0,0,-1,0,0,-0.9118,0.1,2.7108,1]},
{"frame":387,"values":[1,0,0,0,0,0,1,0,0,-1,0,0,-0.9118,0.1,2.5327,1]},
{"frame":388,"values":[1,0,0,0,0,0,1,0,0,-1,0,0,-0.9118,0.1,2.3492,1]},
{"frame":389,"values":[1,0,0,0,0,0,1,0,0,-1,0,0,-0.9118,0.1,2.1656,1]},
{"frame":390,"values":[1,0,0,0,0,0,1,0,0,-1,0,0,-0.9118,0.1,1.9876,1]},
{"frame":391,"values":[1,0,0,0,0,0,1,0,0,-1,0,0,-0.9118,0.1,1.8203,1]},
{"frame":392,"values":[1,0,0,0,0,0,1,0,0,-1,0,0,-0.9118,0.1,1.6684,1]},
{"frame":393,"values":[1,0,0,0,0,0,1,0,0,-1,0,0,-0.9118,0.1,1.5354,1]},
{"frame":394,"values":[1,0,0,0,0,0,1,0,0,-1,0,0,-0.9118,0.1,1.4243,1]},
{"frame":395,"values":[1,0,0,0,0,0,1,0,0,-1,0,0,-0.9118,0.1,1.3369,1]},
{"frame":396,"values":[1,0,0,0,0,0,1,0,0,-1,0,0,-0.9118,0.1,1.2742,1]},
{"frame":397,"values":[1,0,0,0,0,0,1,0,0,-1,0,0,-0.9118,0.1,1.2367,1]},
{"frame":398,"values":[1,0,0,0,0,0,1,0,0,-1,0,0,-0.9118,0.1,1.2243,1]},
{"frame":410,"values":[1,0,0,0,0,0,1,0,0,-1,0,0,-0.9118,0.1,1.927,1]},
{"frame":411,"values":[1,0,0,0,0,0,1,0,0,-1,0,0,-0.9118,0.1,1.927,1]}],"loopBehavior":1,"name":"anim","property":"_matrix"}},
{"name":"Body","index":2,"matrix":[1,0,0,0,0,1,0,0,0,0,1,0,0.0054,2.3021,-0.0174,1],"rest":[1,0,0,0,0,1,0,0,0,0,1,0,0.0054,2.3021,-0.0174,1],"parentBoneIndex":0,"length":1
,"animation":{"dataType":3,"framePerSecond":24,"keys":[
{"frame":0,"values":[1,0,0,0,0,1,0,0,0,0,1,0,0.0054,2.3021,-0.0174,1]},
{"frame":1,"values":[1,-0.0004,0,0,0.0004,1,0,0,0,0,1,0,0.0058,2.3018,-0.0174,1]},
{"frame":2,"values":[1,-0.0036,0,0,0.0036,1,0,0,0,0,1,0,0.009,2.2995,-0.0174,1]},
{"frame":3,"values":[0.9999,-0.0138,0,0,0.0138,0.9999,0,0,0,0,1,0,0.019,2.2922,-0.0174,1]},
{"frame":4,"values":[0.9994,-0.0333,0,0,0.0333,0.9994,0,0,0,0,1,0,0.0382,2.2783,-0.0174,1]},
{"frame":5,"values":[0.9981,-0.0616,0,0,0.0616,0.9981,0,0,0,0,1,0,0.0657,2.2584,-0.0174,1]},
{"frame":6,"values":[0.993,-0.1179,0,0,0.1179,0.993,0,0,0,0,1,0,0.1196,2.2193,-0.0174,1]},
{"frame":7,"values":[0.9745,-0.2244,0,0,0.2244,0.9745,0,0,0,0,1,0,0.2194,2.1469,-0.0174,1]},
{"frame":8,"values":[0.9255,-0.3788,0,0,0.3788,0.9255,0,0,0,0,1,0,0.3626,2.0431,-0.0174,1]},
{"frame":9,"values":[0.8249,-0.5653,0,0,0.5653,0.8249,0,0,0,0,1,0,0.5418,1.9132,-0.0174,1]},
{"frame":10,"values":[0.6615,-0.7499,0,0,0.7499,0.6615,0,0,0,0,1,0,0.7441,1.7665,-0.0174,1]},
{"frame":11,"values":[0.451,-0.8925,0,0,0.8925,0.451,0,0,0,0,1,0,0.9521,1.6157,-0.0174,1]},
{"frame":12,"values":[0.2335,-0.9724,0,0,0.9724,0.2335,0,0,0,0,1,0,1.1467,1.4747,-0.0174,1]},
{"frame":13,"values":[0.0485,-0.9988,0,0,0.9988,0.0485,0,0,0,0,1,0,1.3111,1.3555,-0.0174,1]},
{"frame":14,"values":[-0.0837,-0.9965,0,0,0.9965,-0.0837,0,0,0,0,1,0,1.4334,1.2668,-0.0174,1]},
{"frame":15,"values":[-0.16,-0.9871,0,0,0.9871,-0.16,0,0,0,0,1,0,1.5076,1.2131,-0.0174,1]},
{"frame":16,"values":[-0.1844,-0.9828,0,0,0.9828,-0.1844,0,0,0,0,1,0,1.5321,1.1953,-0.0174,1]},
{"frame":26,"values":[-0.1844,-0.9828,0,0,0.9828,-0.1844,0,0,0,0,1,0,1.5321,1.1953,-0.0174,1]},
{"frame":40,"values":[1,0,0,0,0,1,0,0,0,0,1,0,0.0054,2.3021,-0.0174,1]},
{"frame":41,"values":[1,0,0,0,0,1,0,0,0,0,1,0,0.0054,2.3021,-0.0173,1]},
{"frame":42,"values":[1,0,0,0,0,1,0,0,0,0,1,0,0.0054,2.302,-0.0173,1]},
{"frame":43,"values":[1,0,0,0,0,1,0,0,0,0,1,0,0.0054,2.302,-0.0172,1]},
{"frame":44,"values":[1,0,0,0,0,1,0,0,0,0,1,0,0.0054,2.3019,-0.017,1]},
{"frame":45,"values":[1,0,0,0,0,1,0,0,0,0,1,0,0.0054,2.3018,-0.0168,1]},
{"frame":46,"values":[1,0,0,0,0,1,0,0,0,0,1,0,0.0054,2.3017,-0.0166,1]},
{"frame":47,"values":[1,0,0,0,0,1,0,0,0,0,1,0,0.0054,2.3015,-0.0163,1]},
{"frame":48,"values":[1,0,0,0,0,1,0,0,0,0,1,0,0.0054,2.3014,-0.016,1]},
{"frame":49,"values":[1,0,0,0,0,1,0,0,0,0,1,0,0.0054,2.3012,-0.0156,1]},
{"frame":50,"values":[1,0,0,0,0,1,0,0,0,0,1,0,0.0054,2.301,-0.0152,1]},
{"frame":51,"values":[1,0,0,0,0,1,0,0,0,0,1,0,0.0054,2.3008,-0.0147,1]},
{"frame":52,"values":[1,0,0,0,0,1,0,0,0,0,1,0,0.0054,2.3005,-0.0142,1]},
{"frame":53,"values":[1,0,0,0,0,1,0,0,0,0,1,0,0.0054,2.3002,-0.0137,1]},
{"frame":54,"values":[1,0,0,0,0,1,0,0,0,0,1,0,0.0054,2.2999,-0.0131,1]},
{"frame":55,"values":[1,0,0,0,0,1,0,0,0,0,1,0,0.0054,2.2996,-0.0124,1]},
{"frame":56,"values":[1,0,0,0,0,1,0,0,0,0,1,0,0.0054,2.2993,-0.0118,1]},
{"frame":57,"values":[1,0,0,0,0,1,0,0,0,0,1,0,0.0054,2.2989,-0.0111,1]},
{"frame":58,"values":[1,0,0,0,0,1,0,0,0,0,1,0,0.0054,2.2986,-0.0103,1]},
{"frame":59,"values":[1,0,0,0,0,1,0,0,0,0,1,0,0.0054,2.2982,-0.0095,1]},
{"frame":60,"values":[1,0,0,0,0,1,0,0,0,0,1,0,0.0054,2.2977,-0.0087,1]},
{"frame":61,"values":[1,0,0,0,0,1,0,0,0,0,1,0,0.0054,2.2973,-0.0078,1]},
{"frame":62,"values":[1,0,0,0,0,1,0,0,0,0,1,0,0.0054,2.2969,-0.0069,1]},
{"frame":63,"values":[1,0,0,0,0,1,0,0,0,0,1,0,0.0054,2.2964,-0.006,1]},
{"frame":64,"values":[1,0,0,0,0,1,0,0,0,0,1,0,0.0054,2.2959,-0.005,1]},
{"frame":65,"values":[1,0,0,0,0,1,0,0,0,0,1,0,0.0054,2.2954,-0.004,1]},
{"frame":66,"values":[1,0,0,0,0,1,0,0,0,0,1,0,0.0054,2.2949,-0.0029,1]},
{"frame":67,"values":[1,0,0,0,0,1,0,0,0,0,1,0,0.0054,2.2943,-0.0019,1]},
{"frame":68,"values":[1,0,0,0,0,1,0,0,0,0,1,0,0.0054,2.2938,-0.0008,1]},
{"frame":69,"values":[1,0,0,0,0,1,0,0,0,0,1,0,0.0054,2.2932,0.0003,1]},
{"frame":70,"values":[1,0,0,0,0,1,0,0,0,0,1,0,0.0054,2.2927,0.0015,1]},
{"frame":71,"values":[1,0,0,0,0,1,0,0,0,0,1,0,0.0054,2.2921,0.0026,1]},
{"frame":72,"values":[1,0,0,0,0,1,0,0,0,0,1,0,0.0054,2.2915,0.0038,1]},
{"frame":73,"values":[1,0,0,0,0,1,0,0,0,0,1,0,0.0054,2.2909,0.005,1]},
{"frame":74,"values":[1,0,0,0,0,1,0,0,0,0,1,0,0.0054,2.2903,0.0062,1]},
{"frame":75,"values":[1,0,0,0,0,1,0,0,0,0,1,0,0.0054,2.2897,0.0074,1]},
{"frame":76,"values":[1,0,0,0,0,1,0,0,0,0,1,0,0.0054,2.2891,0.0087,1]},
{"frame":77,"values":[1,0,0,0,0,1,0,0,0,0,1,0,0.0054,2.2884,0.0099,1]},
{"frame":78,"values":[1,0,0,0,0,1,0,0,0,0,1,0,0.0054,2.2878,0.0112,1]},
{"frame":79,"values":[1,0,0,0,0,1,0,0,0,0,1,0,0.0054,2.2872,0.0124,1]},
{"frame":80,"values":[1,0,0,0,0,1,0,0,0,0,1,0,0.0054,2.2866,0.0136,1]},
{"frame":81,"values":[1,0,0,0,0,1,0,0,0,0,1,0,0.0054,2.286,0.0149,1]},
{"frame":82,"values":[1,0,0,0,0,1,0,0,0,0,1,0,0.0054,2.2854,0.0161,1]},
{"frame":83,"values":[1,0,0,0,0,1,0,0,0,0,1,0,0.0054,2.2847,0.0173,1]},
{"frame":84,"values":[1,0,0,0,0,1,0,0,0,0,1,0,0.0054,2.2841,0.0185,1]},
{"frame":85,"values":[1,0,0,0,0,1,0,0,0,0,1,0,0.0054,2.2835,0.0197,1]},
{"frame":86,"values":[1,0,0,0,0,1,0,0,0,0,1,0,0.0054,2.283,0.0209,1]},
{"frame":87,"values":[1,0,0,0,0,1,0,0,0,0,1,0,0.0054,2.2824,0.0221,1]},
{"frame":88,"values":[1,0,0,0,0,1,0,0,0,0,1,0,0.0054,2.2818,0.0232,1]},
{"frame":89,"values":[1,0,0,0,0,1,0,0,0,0,1,0,0.0054,2.2812,0.0243,1]},
{"frame":90,"values":[1,0,0,0,0,1,0,0,0,0,1,0,0.0054,2.2807,0.0254,1]},
{"frame":91,"values":[1,0,0,0,0,1,0,0,0,0,1,0,0.0054,2.2802,0.0265,1]},
{"frame":92,"values":[1,0,0,0,0,1,0,0,0,0,1,0,0.0054,2.2796,0.0275,1]},
{"frame":93,"values":[1,0,0,0,0,1,0,0,0,0,1,0,0.0054,2.2791,0.0285,1]},
{"frame":94,"values":[1,0,0,0,0,1,0,0,0,0,1,0,0.0054,2.2787,0.0295,1]},
{"frame":95,"values":[1,0,0,0,0,1,0,0,0,0,1,0,0.0054,2.2782,0.0304,1]},
{"frame":96,"values":[1,0,0,0,0,1,0,0,0,0,1,0,0.0054,2.2777,0.0313,1]},
{"frame":97,"values":[1,0,0,0,0,1,0,0,0,0,1,0,0.0054,2.2773,0.0322,1]},
{"frame":98,"values":[1,0,0,0,0,1,0,0,0,0,1,0,0.0054,2.2769,0.033,1]},
{"frame":99,"values":[1,0,0,0,0,1,0,0,0,0,1,0,0.0054,2.2765,0.0338,1]},
{"frame":100,"values":[1,0,0,0,0,1,0,0,0,0,1,0,0.0054,2.2761,0.0346,1]},
{"frame":101,"values":[1,0,0,0,0,1,0,0,0,0,1,0,0.0054,2.2758,0.0353,1]},
{"frame":102,"values":[1,0,0,0,0,1,0,0,0,0,1,0,0.0054,2.2754,0.036,1]},
{"frame":103,"values":[1,0,0,0,0,1,0,0,0,0,1,0,0.0054,2.2751,0.0366,1]},
{"frame":104,"values":[1,0,0,0,0,1,0,0,0,0,1,0,0.0054,2.2748,0.0372,1]},
{"frame":105,"values":[1,0,0,0,0,1,0,0,0,0,1,0,0.0054,2.2745,0.0378,1]},
{"frame":106,"values":[1,0,0,0,0,1,0,0,0,0,1,0,0.0054,2.2743,0.0383,1]},
{"frame":107,"values":[1,0,0,0,0,1,0,0,0,0,1,0,0.0054,2.274,0.0387,1]},
{"frame":108,"values":[1,0,0,0,0,1,0,0,0,0,1,0,0.0054,2.2738,0.0391,1]},
{"frame":109,"values":[1,0,0,0,0,1,0,0,0,0,1,0,0.0054,2.2737,0.0395,1]},
{"frame":110,"values":[1,0,0,0,0,1,0,0,0,0,1,0,0.0054,2.2735,0.0398,1]},
{"frame":111,"values":[1,0,0,0,0,1,0,0,0,0,1,0,0.0054,2.2733,0.0401,1]},
{"frame":112,"values":[1,0,0,0,0,1,0,0,0,0,1,0,0.0054,2.2732,0.0404,1]},
{"frame":113,"values":[1,0,0,0,0,1,0,0,0,0,1,0,0.0054,2.2731,0.0406,1]},
{"frame":114,"values":[1,0,0,0,0,1,0,0,0,0,1,0,0.0054,2.2731,0.0407,1]},
{"frame":115,"values":[1,0,0,0,0,1,0,0,0,0,1,0,0.0054,2.273,0.0408,1]},
{"frame":116,"values":[1,0,0,0,0,1,0,0,0,0,1,0,0.0054,2.273,0.0409,1]},
{"frame":119,"values":[1,0,0,0,0,1,0,0,0,0,1,0,0.0054,2.273,0.0408,1]},
{"frame":120,"values":[1,0,0,0,0,1,0,0,0,0,1,0,0.0054,2.2731,0.0407,1]},
{"frame":121,"values":[1,0,0,0,0,1,0,0,0,0,1,0,0.0054,2.2731,0.0405,1]},
{"frame":122,"values":[1,0,0,0,0,1,0,0,0,0,1,0,0.0054,2.2733,0.0403,1]},
{"frame":123,"values":[1,0,0,0,0,1,0,0,0,0,1,0,0.0054,2.2734,0.04,1]},
{"frame":124,"values":[1,0,0,0,0,1,0,0,0,0,1,0,0.0054,2.2736,0.0397,1]},
{"frame":125,"values":[1,0,0,0,0,1,0,0,0,0,1,0,0.0054,2.2737,0.0393,1]},
{"frame":126,"values":[1,0,0,0,0,1,0,0,0,0,1,0,0.0054,2.2739,0.0389,1]},
{"frame":127,"values":[1,0,0,0,0,1,0,0,0,0,1,0,0.0054,2.2742,0.0385,1]},
{"frame":128,"values":[1,0,0,0,0,1,0,0,0,0,1,0,0.0054,2.2744,0.038,1]},
{"frame":129,"values":[1,0,0,0,0,1,0,0,0,0,1,0,0.0054,2.2747,0.0374,1]},
{"frame":130,"values":[1,0,0,0,0,1,0,0,0,0,1,0,0.0054,2.275,0.0368,1]},
{"frame":131,"values":[1,0,0,0,0,1,0,0,0,0,1,0,0.0054,2.2753,0.0361,1]},
{"frame":132,"values":[1,0,0,0,0,1,0,0,0,0,1,0,0.0054,2.2757,0.0354,1]},
{"frame":133,"values":[1,0,0,0,0,1,0,0,0,0,1,0,0.0054,2.2761,0.0347,1]},
{"frame":134,"values":[1,0,0,0,0,1,0,0,0,0,1,0,0.0054,2.2765,0.0339,1]},
{"frame":135,"values":[1,0,0,0,0,1,0,0,0,0,1,0,0.0054,2.2769,0.0331,1]},
{"frame":136,"values":[1,0,0,0,0,1,0,0,0,0,1,0,0.0054,2.2773,0.0322,1]},
{"frame":137,"values":[1,0,0,0,0,1,0,0,0,0,1,0,0.0054,2.2778,0.0313,1]},
{"frame":138,"values":[1,0,0,0,0,1,0,0,0,0,1,0,0.0054,2.2783,0.0303,1]},
{"frame":139,"values":[1,0,0,0,0,1,0,0,0,0,1,0,0.0054,2.2788,0.0293,1]},
{"frame":140,"values":[1,0,0,0,0,1,0,0,0,0,1,0,0.0054,2.2793,0.0283,1]},
{"frame":141,"values":[1,0,0,0,0,1,0,0,0,0,1,0,0.0054,2.2798,0.0272,1]},
{"frame":142,"values":[1,0,0,0,0,1,0,0,0,0,1,0,0.0054,2.2804,0.0261,1]},
{"frame":143,"values":[1,0,0,0,0,1,0,0,0,0,1,0,0.0054,2.2809,0.025,1]},
{"frame":144,"values":[1,0,0,0,0,1,0,0,0,0,1,0,0.0054,2.2815,0.0238,1]},
{"frame":145,"values":[1,0,0,0,0,1,0,0,0,0,1,0,0.0054,2.2821,0.0226,1]},
{"frame":146,"values":[1,0,0,0,0,1,0,0,0,0,1,0,0.0054,2.2827,0.0214,1]},
{"frame":147,"values":[1,0,0,0,0,1,0,0,0,0,1,0,0.0054,2.2833,0.0201,1]},
{"frame":148,"values":[1,0,0,0,0,1,0,0,0,0,1,0,0.0054,2.284,0.0189,1]},
{"frame":149,"values":[1,0,0,0,0,1,0,0,0,0,1,0,0.0054,2.2846,0.0176,1]},
{"frame":150,"values":[1,0,0,0,0,1,0,0,0,0,1,0,0.0054,2.2852,0.0163,1]},
{"frame":151,"values":[1,0,0,0,0,1,0,0,0,0,1,0,0.0054,2.2859,0.015,1]},
{"frame":152,"values":[1,0,0,0,0,1,0,0,0,0,1,0,0.0054,2.2865,0.0137,1]},
{"frame":153,"values":[1,0,0,0,0,1,0,0,0,0,1,0,0.0054,2.2872,0.0124,1]},
{"frame":154,"values":[1,0,0,0,0,1,0,0,0,0,1,0,0.0054,2.2878,0.0111,1]},
{"frame":155,"values":[1,0,0,0,0,1,0,0,0,0,1,0,0.0054,2.2885,0.0098,1]},
{"frame":156,"values":[1,0,0,0,0,1,0,0,0,0,1,0,0.0054,2.2892,0.0085,1]},
{"frame":157,"values":[1,0,0,0,0,1,0,0,0,0,1,0,0.0054,2.2898,0.0072,1]},
{"frame":158,"values":[1,0,0,0,0,1,0,0,0,0,1,0,0.0054,2.2904,0.0059,1]},
{"frame":159,"values":[1,0,0,0,0,1,0,0,0,0,1,0,0.0054,2.2911,0.0047,1]},
{"frame":160,"values":[1,0,0,0,0,1,0,0,0,0,1,0,0.0054,2.2917,0.0034,1]},
{"frame":161,"values":[1,0,0,0,0,1,0,0,0,0,1,0,0.0054,2.2923,0.0022,1]},
{"frame":162,"values":[1,0,0,0,0,1,0,0,0,0,1,0,0.0054,2.2929,0.0009,1]},
{"frame":163,"values":[1,0,0,0,0,1,0,0,0,0,1,0,0.0054,2.2935,-0.0002,1]},
{"frame":164,"values":[1,0,0,0,0,1,0,0,0,0,1,0,0.0054,2.2941,-0.0014,1]},
{"frame":165,"values":[1,0,0,0,0,1,0,0,0,0,1,0,0.0054,2.2947,-0.0025,1]},
{"frame":166,"values":[1,0,0,0,0,1,0,0,0,0,1,0,0.0054,2.2952,-0.0036,1]},
{"frame":167,"values":[1,0,0,0,0,1,0,0,0,0,1,0,0.0054,2.2958,-0.0047,1]},
{"frame":168,"values":[1,0,0,0,0,1,0,0,0,0,1,0,0.0054,2.2963,-0.0058,1]},
{"frame":169,"values":[1,0,0,0,0,1,0,0,0,0,1,0,0.0054,2.2968,-0.0068,1]},
{"frame":170,"values":[1,0,0,0,0,1,0,0,0,0,1,0,0.0054,2.2973,-0.0077,1]},
{"frame":171,"values":[1,0,0,0,0,1,0,0,0,0,1,0,0.0054,2.2977,-0.0086,1]},
{"frame":172,"values":[1,0,0,0,0,1,0,0,0,0,1,0,0.0054,2.2982,-0.0095,1]},
{"frame":173,"values":[1,0,0,0,0,1,0,0,0,0,1,0,0.0054,2.2986,-0.0104,1]},
{"frame":174,"values":[1,0,0,0,0,1,0,0,0,0,1,0,0.0054,2.299,-0.0111,1]},
{"frame":175,"values":[1,0,0,0,0,1,0,0,0,0,1,0,0.0054,2.2994,-0.0119,1]},
{"frame":176,"values":[1,0,0,0,0,1,0,0,0,0,1,0,0.0054,2.2997,-0.0126,1]},
{"frame":177,"values":[1,0,0,0,0,1,0,0,0,0,1,0,0.0054,2.3,-0.0132,1]},
{"frame":178,"values":[1,0,0,0,0,1,0,0,0,0,1,0,0.0054,2.3003,-0.0139,1]},
{"frame":179,"values":[1,0,0,0,0,1,0,0,0,0,1,0,0.0054,2.3006,-0.0144,1]},
{"frame":180,"values":[1,0,0,0,0,1,0,0,0,0,1,0,0.0054,2.3009,-0.0149,1]},
{"frame":181,"values":[1,0,0,0,0,1,0,0,0,0,1,0,0.0054,2.3011,-0.0154,1]},
{"frame":182,"values":[1,0,0,0,0,1,0,0,0,0,1,0,0.0054,2.3013,-0.0158,1]},
{"frame":183,"values":[1,0,0,0,0,1,0,0,0,0,1,0,0.0054,2.3015,-0.0162,1]},
{"frame":184,"values":[1,0,0,0,0,1,0,0,0,0,1,0,0.0054,2.3016,-0.0165,1]},
{"frame":185,"values":[1,0,0,0,0,1,0,0,0,0,1,0,0.0054,2.3018,-0.0168,1]},
{"frame":186,"values":[1,0,0,0,0,1,0,0,0,0,1,0,0.0054,2.3019,-0.017,1]},
{"frame":187,"values":[1,0,0,0,0,1,0,0,0,0,1,0,0.0054,2.302,-0.0171,1]},
{"frame":188,"values":[1,0,0,0,0,1,0,0,0,0,1,0,0.0054,2.302,-0.0173,1]},
{"frame":189,"values":[1,0,0,0,0,1,0,0,0,0,1,0,0.0054,2.3021,-0.0173,1]},
{"frame":190,"values":[1,0,0,0,0,1,0,0,0,0,1,0,0.0054,2.3021,-0.0174,1]},
{"frame":200,"values":[1,0,0,0,0,1,0,0,0,0,1,0,0.0054,2.3021,-0.0174,1]},
{"frame":201,"values":[1,0,0,0,0,1,-0.0028,0,0,0.0028,1,0,0.0054,2.2517,-0.0899,1]},
{"frame":202,"values":[1,0,0,0,0,0.9999,-0.0114,0,0,0.0114,0.9999,0,0.0054,2.11,-0.2941,1]},
{"frame":203,"values":[1,0,0,0,0,0.9997,-0.0256,0,0,0.0256,0.9997,0,0.0054,1.9279,-0.5562,1]},
{"frame":204,"values":[1,0,0,0,0,0.999,-0.045,0,0,0.045,0.999,0,0.0054,1.7861,-0.7604,1]},
{"frame":205,"values":[1,0,0,0,0,0.9976,-0.0686,0,0,0.0686,0.9976,0,0.0054,1.7358,-0.8329,1]},
{"frame":206,"values":[1,0,0,0,0,0.9955,-0.0949,0,0,0.0949,0.9955,0,0.0054,1.7599,-0.8069,1]},
{"frame":207,"values":[1,0,0,0,0,0.9925,-0.1221,0,0,0.1221,0.9925,0,0.0054,1.832,-0.7271,1]},
{"frame":208,"values":[1,0,0,0,0,0.989,-0.1482,0,0,0.1482,0.989,0,0.0054,1.9455,-0.597,1]},
{"frame":209,"values":[1,0,0,0,0,0.9852,-0.1715,0,0,0.1715,0.9852,0,0.0054,2.0838,-0.4296,1]},
{"frame":210,"values":[1,0,0,0,0,0.9817,-0.1906,0,0,0.1906,0.9817,0,0.0054,2.2221,-0.2476,1]},
{"frame":211,"values":[1,0,0,0,0,0.9789,-0.2045,0,0,0.2045,0.9789,0,0.0054,2.3356,-0.0758,1]},
{"frame":212,"values":[1,0,0,0,0,0.9771,-0.2129,0,0,0.2129,0.9771,0,0.0054,2.4076,0.0671,1]},
{"frame":213,"values":[1,0,0,0,0,0.9765,-0.2157,0,0,0.2157,0.9765,0,0.0054,2.4318,0.1718,1]},
{"frame":214,"values":[1,0,0,0,0,0.9781,-0.208,0,0,0.208,0.9781,0,0.0054,2.4314,0.2537,1]},
{"frame":215,"values":[1,0,0,0,0,0.9827,-0.1852,0,0,0.1852,0.9827,0,0.0054,2.4278,0.3285,1]},
{"frame":216,"values":[1,0,0,0,0,0.9888,-0.149,0,0,0.149,0.9888,0,0.0054,2.4166,0.3931,1]},
{"frame":217,"values":[1,0,0,0,0,0.9945,-0.1046,0,0,0.1046,0.9945,0,0.0054,2.3925,0.4446,1]},
{"frame":218,"values":[1,0,0,0,0,0.9982,-0.06,0,0,0.06,0.9982,0,0.0054,2.3511,0.4815,1]},
{"frame":219,"values":[1,0,0,0,0,0.9997,-0.0234,0,0,0.0234,0.9997,0,0.0054,2.2904,0.5045,1]},
{"frame":220,"values":[1,0,0,0,0,1,-0.0001,0,0,0.0001,1,0,0.0054,2.2117,0.5161,1]},
{"frame":221,"values":[1,0,0,0,0,1,0.0077,0,0,-0.0077,1,0,0.0054,2.1177,0.5194,1]},
{"frame":222,"values":[1,0,0,0,0,1,0.0076,0,0,-0.0076,1,0,0.0054,1.9237,0.5088,1]},
{"frame":223,"values":[1,0,0,0,0,1,0.0074,0,0,-0.0074,1,0,0.0054,1.7886,0.4982,1]},
{"frame":224,"values":[1,0,0,0,0,1,0.007,0,0,-0.007,1,0,0.0054,1.8107,0.5001,1]},
{"frame":225,"values":[1,0,0,0,0,1,0.0065,0,0,-0.0065,1,0,0.0054,1.876,0.5054,1]},
{"frame":226,"values":[1,0,0,0,0,1,0.0059,0,0,-0.0059,1,0,0.0054,1.9683,0.5122,1]},
{"frame":227,"values":[1,0,0,0,0,1,0.0051,0,0,-0.0051,1,0,0.0054,2.0565,0.5175,1]},
{"frame":228,"values":[1,0,0,0,0,1,0.0043,0,0,-0.0043,1,0,0.0054,2.1177,0.5194,1]},
{"frame":229,"values":[1,0,0,0,0,1,0.0034,0,0,-0.0034,1,0,0.0054,2.1608,0.5008,1]},
{"frame":230,"values":[1,0,0,0,0,1,0.0026,0,0,-0.0026,1,0,0.0054,2.2003,0.4452,1]},
{"frame":231,"values":[1,0,0,0,0,1,0.0019,0,0,-0.0019,1,0,0.0054,2.2345,0.3577,1]},
{"frame":232,"values":[1,0,0,0,0,1,0.0012,0,0,-0.0012,1,0,0.0054,2.2619,0.251,1]},
{"frame":233,"values":[1,0,0,0,0,1,0.0007,0,0,-0.0007,1,0,0.0054,2.2816,0.1444,1]},
{"frame":234,"values":[1,0,0,0,0,1,0.0003,0,0,-0.0003,1,0,0.0054,2.294,0.0569,1]},
{"frame":235,"values":[1,0,0,0,0,1,0.0001,0,0,-0.0001,1,0,0.0054,2.3003,0.0013,1]},
{"frame":236,"values":[1,0,0,0,0,1,0,0,0,0,1,0,0.0054,2.3021,-0.0174,1]},
{"frame":250,"values":[1,0,0,0,0,1,0,0,0,0,1,0,0.0054,2.1137,-0.0174,1]},
{"frame":251,"values":[1,0,0,0,0,1,0,0,0,0,1,0,0.0054,2.0806,-0.0174,1]},
{"frame":252,"values":[1,0,0,0,0,1,0,0,0,0,1,0,0.0054,1.994,-0.0174,1]},
{"frame":253,"values":[1,0,0,0,0,1,0,0,0,0,1,0,0.0054,1.9074,-0.0174,1]},
{"frame":254,"values":[1,0,0,0,0,1,0,0,0,0,1,0,0.0054,1.8742,-0.0174,1]},
{"frame":255,"values":[1,0,0,0,0,1,0,0,0,0,1,0,0.0054,1.8743,-0.0197,1]},
{"frame":256,"values":[1,0,0,0,0,1,0,0,0,0,1,0,0.0054,1.8746,-0.0268,1]},
{"frame":257,"values":[1,0,0,0,0,1,0,0,0,0,1,0,0.0054,1.8756,-0.0384,1]},
{"frame":258,"values":[1,0,0,0,0,1,0,0,0,0,1,0,0.0054,1.8777,-0.0536,1]},
{"frame":259,"values":[1,0,0,0,0,1,0,0,0,0,1,0,0.0054,1.8815,-0.0708,1]},
{"frame":260,"values":[1,0,0,0,0,1,0,0,0,0,1,0,0.0054,1.8874,-0.0879,1]},
{"frame":261,"values":[1,0,0,0,0,1,0,0,0,0,1,0,0.0054,1.8955,-0.1031,1]},
{"frame":262,"values":[1,0,0,0,0,1,0,0,0,0,1,0,0.0054,1.9059,-0.1147,1]},
{"frame":263,"values":[1,0,0,0,0,1,0,0,0,0,1,0,0.0054,1.9183,-0.1218,1]},
{"frame":264,"values":[1,0,0,0,0,1,0,0,0,0,1,0,0.0054,1.9324,-0.1242,1]},
{"frame":265,"values":[1,0,0,0,0,1,0,0,0,0,1,0,0.0054,1.9571,-0.1094,1]},
{"frame":266,"values":[1,0,0,0,0,1,0,0,0,0,1,0,0.0054,1.9993,-0.0708,1]},
{"frame":267,"values":[1,0,0,0,0,1,0,0,0,0,1,0,0.0054,2.0454,-0.0321,1]},
{"frame":268,"values":[1,0,0,0,0,1,0,0,0,0,1,0,0.0054,2.0802,-0.0174,1]},
{"frame":269,"values":[1,0,0,0,0,1,0,0,0,0,1,0,0.0054,2.1048,-0.0174,1]},
{"frame":270,"values":[1,0,0,0,0,1,0,0,0,0,1,0,0.0054,2.1137,-0.0174,1]},
{"frame":280,"values":[1,0,0,0,0,1,0,0,0,0,1,0,0.1767,2.0791,-0.294,1]},
{"frame":281,"values":[1,0,0,0,0,1,0,0,0,0,1,0,0.1716,2.0847,-0.294,1]},
{"frame":282,"values":[1,0,0,0,0,1,0,0,0,0,1,0,0.1556,2.1011,-0.294,1]},
{"frame":283,"values":[1,0,0,0,0,1,0,0,0,0,1,0,0.1296,2.1262,-0.294,1]},
{"frame":284,"values":[1,0,0,0,0,1,0,0,0,0,1,0,0.0967,2.1547,-0.294,1]},
{"frame":285,"values":[1,0,0,0,0,1,0,0,0,0,1,0,0.0622,2.1797,-0.294,1]},
{"frame":286,"values":[1,0,0,0,0,1,0,0,0,0,1,0,0.0308,2.1962,-0.294,1]},
{"frame":287,"values":[1,0,0,0,0,1,0,0,0,0,1,0,0.0054,2.2018,-0.294,1]},
{"frame":288,"values":[1,0,0,0,0,1,0,0,0,0,1,0,-0.0182,2.1984,-0.294,1]},
{"frame":289,"values":[1,0,0,0,0,1,0,0,0,0,1,0,-0.0443,2.1883,-0.294,1]},
{"frame":290,"values":[1,0,0,0,0,1,0,0,0,0,1,0,-0.072,2.1721,-0.294,1]},
{"frame":291,"values":[1,0,0,0,0,1,0,0,0,0,1,0,-0.0995,2.1515,-0.294,1]},
{"frame":292,"values":[1,0,0,0,0,1,0,0,0,0,1,0,-0.1247,2.1293,-0.294,1]},
{"frame":293,"values":[1,0,0,0,0,1,0,0,0,0,1,0,-0.1455,2.1087,-0.294,1]},
{"frame":294,"values":[1,0,0,0,0,1,0,0,0,0,1,0,-0.1606,2.0926,-0.294,1]},
{"frame":295,"values":[1,0,0,0,0,1,0,0,0,0,1,0,-0.1694,2.0825,-0.294,1]},
{"frame":296,"values":[1,0,0,0,0,1,0,0,0,0,1,0,-0.1722,2.0791,-0.294,1]},
{"frame":297,"values":[1,0,0,0,0,1,0,0,0,0,1,0,-0.1668,2.0847,-0.294,1]},
{"frame":298,"values":[1,0,0,0,0,1,0,0,0,0,1,0,-0.15,2.1011,-0.294,1]},
{"frame":299,"values":[1,0,0,0,0,1,0,0,0,0,1,0,-0.1228,2.1262,-0.294,1]},
{"frame":300,"values":[1,0,0,0,0,1,0,0,0,0,1,0,-0.0885,2.1547,-0.294,1]},
{"frame":301,"values":[1,0,0,0,0,1,0,0,0,0,1,0,-0.0527,2.1797,-0.294,1]},
{"frame":302,"values":[1,0,0,0,0,1,0,0,0,0,1,0,-0.0205,2.1962,-0.294,1]},
{"frame":303,"values":[1,0,0,0,0,1,0,0,0,0,1,0,0.0054,2.2018,-0.294,1]},
{"frame":304,"values":[1,0,0,0,0,1,0,0,0,0,1,0,0.0289,2.1984,-0.294,1]},
{"frame":305,"values":[1,0,0,0,0,1,0,0,0,0,1,0,0.0545,2.1883,-0.294,1]},
{"frame":306,"values":[1,0,0,0,0,1,0,0,0,0,1,0,0.0814,2.1721,-0.294,1]},
{"frame":307,"values":[1,0,0,0,0,1,0,0,0,0,1,0,0.1079,2.1515,-0.294,1]},
{"frame":308,"values":[1,0,0,0,0,1,0,0,0,0,1,0,0.1319,2.1293,-0.294,1]},
{"frame":309,"values":[1,0,0,0,0,1,0,0,0,0,1,0,0.1516,2.1087,-0.294,1]},
{"frame":310,"values":[1,0,0,0,0,1,0,0,0,0,1,0,0.1658,2.0926,-0.294,1]},
{"frame":311,"values":[1,0,0,0,0,1,0,0,0,0,1,0,0.1741,2.0825,-0.294,1]},
{"frame":312,"values":[1,0,0,0,0,1,0,0,0,0,1,0,0.1767,2.0791,-0.294,1]},
{"frame":344,"values":[1,0,0,0,0,1,0,0,0,0,1,0,0.1767,2.0791,-0.294,1]},
{"frame":350,"values":[1,0,0,0,0,0.9998,0.022,0,0,-0.022,0.9998,0,0.0054,2.1137,-0.3207,1]},
{"frame":398,"values":[1,0,0,0,0,0.9998,0.022,0,0,-0.022,0.9998,0,0.0054,2.1137,-0.3207,1]},
{"frame":410,"values":[1,0,0,0,0,1,0,0,0,0,1,0,0.0054,2.3021,-0.0174,1]},
{"frame":411,"values":[1,0,0,0,0,1,0,0,0,0,1,0,0.0054,2.3021,-0.0174,1]}],"loopBehavior":1,"name":"anim","property":"_matrix"}},
{"name":"FrontLeg.R","index":3,"matrix":[0,1,0.0037,0,-1,0,0,0,0,-0.0037,1,0,-0.3247,0.838,1.8731,1],"rest":[0,1,0,0,-1,0,0,0,0,0,1,0,-0.3247,0.838,1.8731,1],"parentBoneIndex":2,"length":0.6026
,"animation":{"dataType":3,"framePerSecond":24,"keys":[
{"frame":0,"values":[0,1,0.0037,0,-1,0,0,0,0,-0.0037,1,0,-0.3247,0.838,1.8731,1]},
{"frame":1,"values":[0,1,-0.0002,0,-1,0,0,0,0,0.0002,1,0,-0.3247,0.838,1.8731,1]},
{"frame":2,"values":[0,1,-0.0098,0,-1,0,0,0,0,0.0098,1,0,-0.3247,0.838,1.8731,1]},
{"frame":3,"values":[0,0.9998,-0.0219,0,-1,0,0,0,0,0.0219,0.9998,0,-0.3247,0.838,1.8731,1]},
{"frame":4,"values":[0,0.9994,-0.0348,0,-1,0,0,0,0,0.0348,0.9994,0,-0.3247,0.838,1.8731,1]},
{"frame":5,"values":[0,0.9988,-0.0488,0,-1,0,0,0,0,0.0488,0.9988,0,-0.3247,0.838,1.8731,1]},
{"frame":6,"values":[0,0.998,-0.0632,0,-1,0,0,0,0,0.0632,0.998,0,-0.3247,0.838,1.8731,1]},
{"frame":7,"values":[0,0.9965,-0.0841,0,-1,0,0,0,0,0.0841,0.9965,0,-0.3247,0.838,1.8731,1]},
{"frame":8,"values":[0,0.9927,-0.1208,0,-1,0,0,0,0,0.1208,0.9927,0,-0.3247,0.838,1.8731,1]},
{"frame":9,"values":[0,0.9837,-0.1795,0,-1,0,0,0,0,0.1795,0.9837,0,-0.3247,0.838,1.8731,1]},
{"frame":10,"values":[0,0.9658,-0.2593,0,-1,0,0,0,0,0.2593,0.9658,0,-0.3247,0.838,1.8731,1]},
{"frame":11,"values":[0,0.9371,-0.349,0,-1,0,0,0,0,0.349,0.9371,0,-0.3247,0.838,1.8731,1]},
{"frame":12,"values":[0,0.9025,-0.4306,0,-1,0,0,0,0,0.4306,0.9025,0,-0.3247,0.838,1.8731,1]},
{"frame":13,"values":[0,0.8717,-0.4901,0,-1,0,0,0,0,0.4901,0.8717,0,-0.3247,0.838,1.8731,1]},
{"frame":14,"values":[0,0.8508,-0.5254,0,-1,0,0,0,0,0.5254,0.8508,0,-0.3247,0.838,1.8731,1]},
{"frame":15,"values":[0,0.8403,-0.5421,0,-1,0,0,0,0,0.5421,0.8403,0,-0.3247,0.838,1.8731,1]},
{"frame":16,"values":[0,0.8372,-0.5469,0,-1,0,0,0,0,0.5469,0.8372,0,-0.3247,0.838,1.8731,1]},
{"frame":26,"values":[0,0.8372,-0.5469,0,-1,0,0,0,0,0.5469,0.8372,0,-0.3247,0.838,1.8731,1]},
{"frame":40,"values":[0,1,0.0037,0,-1,0,0,0,0,-0.0037,1,0,-0.3247,0.838,1.8731,1]},
{"frame":41,"values":[0,1,0.0036,0,-1,0,0,0,0,-0.0036,1,0,-0.3247,0.838,1.8731,1]},
{"frame":43,"values":[0,1,0.0035,0,-1,0,0,0,0,-0.0035,1,0,-0.3247,0.838,1.8731,1]},
{"frame":44,"values":[0,1,0.0033,0,-1,0,0,0,0,-0.0033,1,0,-0.3247,0.838,1.8731,1]},
{"frame":45,"values":[0,1,0.0031,0,-1,0,0,0,0,-0.0031,1,0,-0.3247,0.838,1.8731,1]},
{"frame":46,"values":[0,1,0.0029,0,-1,0,0,0,0,-0.0029,1,0,-0.3247,0.838,1.8731,1]},
{"frame":47,"values":[0,1,0.0026,0,-1,0,0,0,0,-0.0026,1,0,-0.3247,0.838,1.8731,1]},
{"frame":48,"values":[0,1,0.0023,0,-1,0,0,0,0,-0.0023,1,0,-0.3247,0.838,1.8731,1]},
{"frame":49,"values":[0,1,0.0019,0,-1,0,0,0,0,-0.0019,1,0,-0.3247,0.838,1.8731,1]},
{"frame":50,"values":[0,1,0.0015,0,-1,0,0,0,0,-0.0015,1,0,-0.3247,0.838,1.8731,1]},
{"frame":51,"values":[0,1,0.0011,0,-1,0,0,0,0,-0.0011,1,0,-0.3247,0.838,1.8731,1]},
{"frame":52,"values":[0,1,0.0006,0,-1,0,0,0,0,-0.0006,1,0,-0.3247,0.838,1.8731,1]},
{"frame":53,"values":[0,1,0,0,-1,0,0,0,0,0,1,0,-0.3247,0.838,1.8731,1]},
{"frame":54,"values":[0,1,-0.0005,0,-1,0,0,0,0,0.0005,1,0,-0.3247,0.838,1.8731,1]},
{"frame":55,"values":[0,1,-0.0011,0,-1,0,0,0,0,0.0011,1,0,-0.3247,0.838,1.8731,1]},
{"frame":56,"values":[0,1,-0.0017,0,-1,0,0,0,0,0.0017,1,0,-0.3247,0.838,1.8731,1]},
